

/media/sf_project27//linux/batch/task/elvis_prod_20161228/pygmo_batch_generic.py
 elvis_prod_20161228 , task_0

2016-12-31 04:50:50:280217
('Start PYGMO optimization ', 20120420, 20161223, "['SPY' 'XLF' 'XLE' 'ZIV' 'XLU' 'IEF' 'HYG' 'UGLD' 'SHY']", 'init_pop', 9, 'iteration', 100, 'concen', 1080.0)
(8.0, 0, 1, 0, [9.2216126863974743, 7.8027987919986872, 1.181833971658182, 238.80557148618874])
(8.0, 0, 2, 0, [6.8458082002431642, 7.2657950295112714, 0.94219671384036319, 214.40750681199674])
(8.0, 0, 3, 0, [7.1922409415370314, 7.1494042474483557, 1.0059916452624655, 195.60562981721702])
(8.0, 0, 4, 1, [7.1922409415370314, 7.1494042474483557, 1.0059916452624655, 195.60562981721702])
(8.0, 0, 5, 2, [7.1922409415370314, 7.1494042474483557, 1.0059916452624655, 195.60562981721702])
(8.0, 0, 6, 3, [7.1922409415370314, 7.1494042474483557, 1.0059916452624655, 195.60562981721702])
(8.0, 0, 7, 4, [7.0373396869554794, 7.3512785192639418, 0.95729466221613169, 194.05794642312156])
(8.0, 0, 8, 5, [6.7719490982355302, 8.0738797922032042, 0.83874782292090544, 200.43361279317563])
(8.0, 0, 9, 6, [6.7719490982355302, 8.0738797922032042, 0.83874782292090544, 200.43361279317563])

 END Bacth-------2016-12-31 04:50:56:257235---------------------------------

2016-12-31 04:50:56:261603
('Start PYGMO optimization ', 20120420, 20161223, "['SPY' 'XLF' 'XLE' 'ZIV' 'XLU' 'IEF' 'HYG' 'UGLD' 'SHY']", 'init_pop', 9, 'iteration', 100, 'concen', 1080.0)
(8.0, 1, 1, 0, [7.7618242562004225, 9.492733780833488, 0.81765953153264492, 199.26594754869024])
(8.0, 1, 2, 0, [15.333924797239519, 9.6242326263303486, 1.593262070088411, 210.14205092314552])
(8.0, 1, 3, 0, [14.289717056095142, 8.3980792590990134, 1.701545867242531, 231.60053926266767])
(8.0, 1, 4, 0, [14.511940404304834, 8.4595205404591933, 1.7154566071326198, 247.34822493908661])
(8.0, 1, 5, 0, [14.428488818941499, 8.3807927308965056, 1.7216138475480545, 255.85219132676755])
(8.0, 1, 6, 0, [14.329333784507448, 8.2973014238894311, 1.7269872519335872, 258.67012306353143])
(8.0, 1, 7, 0, [14.409047539072262, 8.3146448715989543, 1.732972094609895, 261.37384512706518])
(8.0, 1, 8, 0, [14.435180948309245, 8.2216716617800962, 1.7557476802939911, 270.36441307613364])
(8.0, 1, 9, 0, [14.493793288883406, 8.1868982782789548, 1.770364403737319, 281.60691084228711])
(8.0, 1, 10, 0, [14.524526799547788, 8.1936731780427348, 1.772651469486282, 289.49474898825457])
(8.0, 1, 11, 0, [14.541711577319782, 8.2020972650812531, 1.7729260099399375, 290.48485634128014])
(8.0, 1, 12, 0, [14.561520545352691, 8.2123154254123758, 1.7731321547018506, 290.9677123597919])
(8.0, 1, 13, 0, [14.618587820437812, 8.241480389436397, 1.7737817879388924, 291.8008737882829])
(8.0, 1, 14, 0, [14.767754964697556, 8.2997578332636834, 1.7792995002229461, 295.73191070135607])
(8.0, 1, 15, 0, [14.800446489396734, 8.3115763927206743, 1.7807026958639338, 297.73009760861748])
(8.0, 1, 16, 0, [14.83721140708476, 8.3349266964564368, 1.780125002586135, 298.28595880460409])
(8.0, 1, 17, 0, [14.843376347776548, 8.3386789486332997, 1.780063297701294, 298.49540640568119])
(8.0, 1, 18, 0, [14.844500321549891, 8.3396347528225583, 1.7799940598748349, 298.48461417262075])
(8.0, 1, 19, 0, [14.845648787783251, 8.3398838680675542, 1.7800785985312713, 298.57415765949577])
(8.0, 1, 20, 0, [14.849126129107404, 8.341493137765946, 1.7801520523799603, 298.62135783167122])
(8.0, 1, 21, 0, [14.851444141725612, 8.3425723907561373, 1.7801996130332092, 298.65239284767944])
(8.0, 1, 22, 0, [14.857595546692082, 8.3455395972647928, 1.7803037626903817, 298.7512743003029])
(8.0, 1, 23, 0, [14.871837388030285, 8.3520609464973141, 1.7806188775798186, 298.94101784081977])
(8.0, 1, 24, 0, [14.88661635848838, 8.3584521939995113, 1.7810254833036436, 299.15353891329556])
(8.0, 1, 25, 0, [14.887905683351544, 8.3588388031186014, 1.7810973550293865, 299.17460045583465])
(8.0, 1, 26, 0, [14.887019086810561, 8.3579887065852301, 1.781172433875285, 299.17146376091])
(8.0, 1, 27, 0, [14.884936481359357, 8.3555581697141648, 1.7814413087699865, 298.98903729980424])
(8.0, 1, 28, 0, [14.872090170369434, 8.3473743273481205, 1.7816488858831556, 297.58266453025459])
(8.0, 1, 29, 0, [14.888045025253849, 8.3564881014002363, 1.7816150570188889, 297.52715256495151])
(8.0, 1, 30, 0, [14.901685275477439, 8.3636828749300633, 1.7817133311145594, 297.59366988573754])
(8.0, 1, 31, 0, [14.916199252755181, 8.3712738673658791, 1.7818314738099399, 297.71976864782346])
(8.0, 1, 32, 0, [14.91837003189007, 8.3725349670927756, 1.7818223621071636, 297.70111639657301])
(8.0, 1, 33, 0, [14.922893151637396, 8.3748597963079519, 1.7818678180399077, 297.62589125309324])
(8.0, 1, 34, 0, [14.931865562261315, 8.3797408288382549, 1.7819006419475896, 297.67480714779049])
(8.0, 1, 35, 0, [14.937264284571716, 8.3827072961325335, 1.781914094920529, 297.69884374335669])
(8.0, 1, 36, 0, [14.942469476736985, 8.3856124086335306, 1.7819174973258658, 297.77468689351593])
(8.0, 1, 37, 0, [14.95234549544373, 8.3910759420927885, 1.7819342356845027, 297.87139966890726])
(8.0, 1, 38, 0, [14.95335095661936, 8.3916436587342051, 1.7819335001261152, 297.88594787105023])
(8.0, 1, 39, 0, [14.95335095661936, 8.3916436587342051, 1.7819335001261152, 297.88594787105023])
(8.0, 1, 40, 1, [14.95335095661936, 8.3916436587342051, 1.7819335001261152, 297.88594787105023])
(8.0, 1, 41, 2, [14.95335095661936, 8.3916436587342051, 1.7819335001261152, 297.88594787105023])
(8.0, 1, 42, 3, [14.95335095661936, 8.3916436587342051, 1.7819335001261152, 297.88594787105023])
(8.0, 1, 43, 4, [14.95335095661936, 8.3916436587342051, 1.7819335001261152, 297.88594787105023])
(8.0, 1, 44, 5, [14.95335095661936, 8.3916436587342051, 1.7819335001261152, 297.88594787105023])
(8.0, 1, 45, 6, [14.95335095661936, 8.3916436587342051, 1.7819335001261152, 297.88594787105023])

 END Bacth-------2016-12-31 04:51:25:744273---------------------------------

2016-12-31 04:51:25:748598
('Start PYGMO optimization ', 20120420, 20161223, "['SPY' 'XLF' 'XLE' 'ZIV' 'XLU' 'IEF' 'HYG' 'UGLD' 'SHY']", 'init_pop', 9, 'iteration', 100, 'concen', 1080.0)
(8.0, 2, 1, 0, [8.2725185487452446, 7.8443396831198386, 1.0545844370491502, 215.94950749345426])
(8.0, 2, 2, 0, [13.54843851355081, 8.3388940600169601, 1.6247284611172113, 217.45768388826937])
(8.0, 2, 3, 0, [14.247581905997997, 8.3772127156694474, 1.7007544620835657, 231.3435170033778])
(8.0, 2, 4, 0, [14.788330388122684, 8.5508615649339799, 1.7294550117344651, 252.97532233432588])
(8.0, 2, 5, 0, [15.21696485754418, 8.7483722542830531, 1.7394052762322973, 257.54747112737692])
(8.0, 2, 6, 0, [15.303822837780135, 8.792559532873307, 1.7405424189125758, 258.98198985885176])
(8.0, 2, 7, 0, [15.357845611623677, 8.8392120914103387, 1.7374677123708724, 272.08244563245864])
(8.0, 2, 8, 0, [15.365441168217298, 8.8324054054283554, 1.739666655107766, 273.27618511807634])
(8.0, 2, 9, 0, [15.360589333866459, 8.8222315979598456, 1.7411228852140561, 274.92692133878035])
(8.0, 2, 10, 0, [15.369354364553445, 8.8254664000729157, 1.7414778627933434, 275.36302906395798])
(8.0, 2, 11, 0, [15.379469111911593, 8.8254745314310608, 1.7426223436642554, 276.06883900555692])
(8.0, 2, 12, 0, [15.400365214265822, 8.8360970420263172, 1.7428922680475869, 277.73967695566643])
(8.0, 2, 13, 0, [15.404185194446551, 8.8378718957451206, 1.7429744825632401, 281.54205603135739])
(8.0, 2, 14, 0, [15.415899814700374, 8.8462664142085661, 1.7426447602730899, 283.30309817683292])
(8.0, 2, 15, 0, [15.45327936590828, 8.8745650189829259, 1.741299920937343, 287.33067783151023])
(8.0, 2, 16, 0, [16.213194740714542, 9.4934160757033155, 1.7078356843759632, 289.41177365249462])
(8.0, 2, 17, 0, [16.181504547621994, 9.4668257953538415, 1.7092851286609292, 294.59061186565265])
(8.0, 2, 18, 0, [16.27637746697712, 9.552698851083111, 1.7038512069425973, 303.74081093887816])
(8.0, 2, 19, 0, [16.260661773650575, 9.5261226158067984, 1.7069549101403634, 305.69488389430273])
(8.0, 2, 20, 0, [16.26444926039521, 9.527358582244883, 1.7071310080325433, 306.21964339689782])
(8.0, 2, 21, 0, [16.261251033183544, 9.521801907774142, 1.7077913603628878, 306.56801047536317])
(8.0, 2, 22, 0, [16.260779040104033, 9.5154513170626718, 1.7088815336531593, 306.2833008018161])
(8.0, 2, 23, 0, [16.216984979394322, 9.4073611732373426, 1.7238612062147065, 312.35923111699998])
(8.0, 2, 24, 0, [16.221414667166712, 9.4083945949361709, 1.7241426795489077, 314.08850604694589])
(8.0, 2, 25, 0, [16.223234504859029, 9.4091456367430446, 1.7241984693601433, 315.17648885418811])
(8.0, 2, 26, 0, [16.227968527548441, 9.4126561658186798, 1.724058357350716, 315.95335581458949])
(8.0, 2, 27, 0, [16.252088418429711, 9.431676151734889, 1.7231389370213117, 319.82145737787255])
(8.0, 2, 28, 0, [16.253622058550189, 9.434610093596584, 1.7227656360257828, 320.73870468064342])
(8.0, 2, 29, 0, [16.253525291868321, 9.4338383537871575, 1.7228963103171511, 321.20081448563155])
(8.0, 2, 30, 0, [16.25359566766631, 9.433734863774399, 1.7229226708586243, 321.35540071576128])
(8.0, 2, 31, 0, [16.252346473977731, 9.4320124942763517, 1.7231048499819286, 321.83293650674625])
(8.0, 2, 32, 0, [16.254490013128819, 9.4330000846838171, 1.7231516873959247, 322.4853382113053])
(8.0, 2, 33, 0, [16.257735834914033, 9.4310485587289463, 1.7238524151025199, 323.22829474906001])
(8.0, 2, 34, 0, [16.26433493887156, 9.4360012950538046, 1.7236469591623578, 323.3506183445441])
(8.0, 2, 35, 0, [16.264801016338517, 9.4362578024425705, 1.7236494971691405, 323.38570982166561])
(8.0, 2, 36, 0, [16.264906542358904, 9.4362385828687714, 1.7236641909295709, 323.38548359533837])
(8.0, 2, 37, 0, [16.264865504503902, 9.4362814573026288, 1.7236520103919439, 323.37654285108283])
(8.0, 2, 38, 0, [16.264865504503902, 9.4362814573026288, 1.7236520103919439, 323.37654285108283])
(8.0, 2, 39, 1, [16.264865504503902, 9.4362814573026288, 1.7236520103919439, 323.37654285108283])
(8.0, 2, 40, 2, [16.264865504503902, 9.4362814573026288, 1.7236520103919439, 323.37654285108283])
(8.0, 2, 41, 3, [16.264865504503902, 9.4362814573026288, 1.7236520103919439, 323.37654285108283])
(8.0, 2, 42, 4, [16.264865504503902, 9.4362814573026288, 1.7236520103919439, 323.37654285108283])
(8.0, 2, 43, 5, [16.264865504503902, 9.4362814573026288, 1.7236520103919439, 323.37654285108283])
(8.0, 2, 44, 6, [16.264865504503902, 9.4362814573026288, 1.7236520103919439, 323.37654285108283])

 END Bacth-------2016-12-31 04:51:54:994738---------------------------------

2016-12-31 04:51:55:000081
('Start PYGMO optimization ', 20120420, 20161223, "['SPY' 'XLF' 'XLE' 'ZIV' 'XLU' 'IEF' 'HYG' 'UGLD' 'SHY']", 'init_pop', 9, 'iteration', 100, 'concen', 1080.0)
(8.0, 3, 1, 0, [11.110098976093695, 8.8334883544904326, 1.257724981371144, 175.77851563549515])
(8.0, 3, 2, 0, [14.909682950704738, 9.6510321043484684, 1.5448796345819718, 190.22262719984053])
(8.0, 3, 3, 0, [14.262917486876137, 8.2938256378895066, 1.7197030790854144, 242.57335324766709])
(8.0, 3, 4, 0, [14.880562558267908, 8.578730686155394, 1.7345879131376154, 261.94642524795182])
(8.0, 3, 5, 0, [15.030035925437968, 8.6820137188881024, 1.7311693360653719, 269.48990967093113])
(8.0, 3, 6, 0, [15.21988304219648, 8.7843150749283616, 1.7326203480150788, 272.59047975783909])
(8.0, 3, 7, 0, [15.305398805816651, 8.8306312909239288, 1.7332168337214406, 272.09875598301892])
(8.0, 3, 8, 0, [15.395167728474268, 8.8350695340425034, 1.7425066853356366, 271.6065228124246])
(8.0, 3, 9, 0, [15.400539955362191, 8.8228347968913496, 1.7455319418185682, 276.72945038077751])
(8.0, 3, 10, 0, [15.46843910175113, 8.8752251374214488, 1.7428785030511611, 277.67334695368544])
(8.0, 3, 11, 0, [15.505169203244741, 8.9074164451042694, 1.7407033003118153, 274.17495890360073])
(8.0, 3, 12, 0, [15.50956342400025, 8.9098277624015374, 1.740725391959747, 274.28572585482442])
(8.0, 3, 13, 0, [15.607281449466504, 8.9643588677669772, 1.7410371092555648, 281.98048141316372])
(8.0, 3, 14, 0, [15.597727784635129, 8.9518432291526224, 1.7424040373986311, 283.60771405901102])
(8.0, 3, 15, 0, [15.601103255404913, 8.9522594068467871, 1.7427000879211585, 283.86459558043515])
(8.0, 3, 16, 0, [15.63233798771504, 8.965932655175278, 1.7435261437851428, 285.70628138139801])
(8.0, 3, 17, 0, [15.639022840965255, 8.9628057783612274, 1.7448802559933099, 286.96381970428916])
(8.0, 3, 18, 0, [15.628203163882182, 8.9433873558958989, 1.7474590490122672, 288.52395508625409])
(8.0, 3, 19, 0, [15.636014757987216, 8.9460854883713825, 1.7478052024331507, 287.69161440787292])
(8.0, 3, 20, 0, [15.645822859401438, 8.94811684947895, 1.7485045314660252, 285.95254824630456])
(8.0, 3, 21, 0, [15.650520277308111, 8.9521063894707797, 1.7482500314915628, 285.80030551970196])
(8.0, 3, 22, 0, [15.65548147185234, 8.9550957724107381, 1.7482204400409038, 285.98545659843973])
(8.0, 3, 23, 0, [15.910569558769216, 9.100276736808615, 1.7483610684512998, 294.91343170621053])
(8.0, 3, 24, 0, [15.823496518523417, 9.0523157688245686, 1.7480053637786519, 295.12952376561543])
(8.0, 3, 25, 0, [15.92118010490935, 9.1629842923963309, 1.7375540104462619, 293.04373180135269])
(8.0, 3, 26, 0, [15.928883851459519, 9.1690554600733538, 1.7372437020172724, 295.04636802980269])
(8.0, 3, 27, 0, [16.035466027632992, 9.2876661029099328, 1.7265334315376493, 293.76477195866346])
(8.0, 3, 28, 0, [16.04606714118253, 9.3018560620878397, 1.7250392861466108, 293.33877365148527])
(8.0, 3, 29, 0, [16.069462016102086, 9.3296852657329037, 1.722401298479358, 294.2176182137103])
(8.0, 3, 30, 0, [16.050420508047971, 9.3498820809370482, 1.7166441639699686, 292.59956490844775])
(8.0, 3, 31, 0, [16.101170411477227, 9.4113773249467396, 1.7108197722343843, 292.72187826021712])
(8.0, 3, 32, 0, [16.09669142341945, 9.408174309051871, 1.7109261472688031, 292.78303495507367])
(8.0, 3, 33, 0, [16.092379797593214, 9.4037405012195574, 1.7112743376432193, 292.74530495531064])
(8.0, 3, 34, 0, [16.087124299977052, 9.3989348685556937, 1.7115901455809441, 292.70468853969527])
(8.0, 3, 35, 0, [16.084196994821909, 9.3962152988632823, 1.711773994447287, 292.70935432439893])
(8.0, 3, 36, 0, [16.084188150588673, 9.3965605119772686, 1.7117101656597711, 292.72549656562808])
(8.0, 3, 37, 0, [16.083070809204902, 9.3953807258318243, 1.7118061820513379, 292.74839735860621])
(8.0, 3, 38, 0, [16.083171047248857, 9.3954154689075366, 1.7118105208304266, 292.76316998216413])
(8.0, 3, 39, 0, [16.081520027174754, 9.3940649242410412, 1.7118808691301441, 292.7586516038387])
(8.0, 3, 40, 0, [16.079476770355082, 9.3921584903631601, 1.7120107999511993, 292.75131435021979])
(8.0, 3, 41, 0, [16.079476770355082, 9.3921584903631601, 1.7120107999511993, 292.75131435021979])
(8.0, 3, 42, 1, [16.079476770355082, 9.3921584903631601, 1.7120107999511993, 292.75131435021979])
(8.0, 3, 43, 2, [16.079476770355082, 9.3921584903631601, 1.7120107999511993, 292.75131435021979])
(8.0, 3, 44, 3, [16.079476770355082, 9.3921584903631601, 1.7120107999511993, 292.75131435021979])
(8.0, 3, 45, 4, [16.079476770355082, 9.3921584903631601, 1.7120107999511993, 292.75131435021979])
(8.0, 3, 46, 5, [16.079476770355082, 9.3921584903631601, 1.7120107999511993, 292.75131435021979])
(8.0, 3, 47, 6, [16.079476770355082, 9.3921584903631601, 1.7120107999511993, 292.75131435021979])

 END Bacth-------2016-12-31 04:52:27:039442---------------------------------

2016-12-31 04:52:27:044286
('Start PYGMO optimization ', 20120420, 20161223, "['SPY' 'XLF' 'XLE' 'ZIV' 'XLU' 'IEF' 'HYG' 'UGLD' 'SHY']", 'init_pop', 9, 'iteration', 100, 'concen', 1080.0)
(8.0, 4, 1, 0, [6.4308371333593017, 7.5997055556756843, 0.84619556458428347, 243.39954604030058])
(8.0, 4, 2, 0, [14.600969406074249, 9.1611621289574092, 1.593790089133148, 200.71889342891299])
(8.0, 4, 3, 0, [15.376387843766137, 9.3428713717870551, 1.6457882413107676, 230.98229276858504])
(8.0, 4, 4, 0, [15.428871304438974, 9.0085335797128252, 1.7126950982549167, 253.02191867404366])
(8.0, 4, 5, 0, [15.411682211505218, 8.8655155565815971, 1.7383853328263428, 274.01355834595972])
(8.0, 4, 6, 0, [15.253066994480591, 8.7249820329709404, 1.7482061208654174, 278.14113004383677])
(8.0, 4, 7, 0, [15.366267579401205, 8.7664135203643188, 1.7528568032645813, 283.11169083890155])
(8.0, 4, 8, 0, [15.429045887004245, 8.789971543339977, 1.7553010053479172, 283.43823477252761])
(8.0, 4, 9, 0, [15.455148605003565, 8.7952303144168482, 1.757219316891566, 285.26460629905051])
(8.0, 4, 10, 0, [15.468500730099688, 8.7953094103551699, 1.7587216103947212, 288.9778110337935])
(8.0, 4, 11, 0, [15.477922433005586, 8.7874160792392235, 1.7613735702777371, 289.60122437172669])
(8.0, 4, 12, 0, [15.478630186537256, 8.7872482775756815, 1.7614877487913276, 289.99382316492381])
(8.0, 4, 13, 0, [15.477370945212488, 8.7864410554761676, 1.7615062626028983, 290.31960034749153])
(8.0, 4, 14, 0, [15.486597700201532, 8.7878411275059101, 1.7622755663764265, 289.47297756420312])
(8.0, 4, 15, 0, [15.579484993587212, 8.8080394211388082, 1.7687801165146138, 309.90512241219568])
(8.0, 4, 16, 0, [15.588273041619804, 8.8163814553814976, 1.7681032882379155, 310.04534263080427])
(8.0, 4, 17, 0, [15.589508383220618, 8.817227116628608, 1.768073814705307, 310.261163238422])
(8.0, 4, 18, 0, [15.594307037870191, 8.823652367992139, 1.7673301698102533, 309.98202230544587])
(8.0, 4, 19, 0, [15.592904199583701, 8.8228214910325669, 1.7673376045783293, 309.90912485615485])
(8.0, 4, 20, 0, [15.594405848027005, 8.8237669462205517, 1.767318418887581, 309.89249702680308])
(8.0, 4, 21, 0, [15.594426807717321, 8.8236789797097064, 1.7673384133281749, 309.94539722508961])
(8.0, 4, 22, 0, [15.596292164224913, 8.8239096145952818, 1.767503617492602, 309.89761471349294])
(8.0, 4, 23, 0, [15.597292165345223, 8.8243479687207511, 1.7675291387683494, 309.91952215576816])
(8.0, 4, 24, 0, [15.597491263569886, 8.824483244951713, 1.7675246051934947, 309.91902525997324])
(8.0, 4, 25, 0, [15.597540663686127, 8.8245076390261499, 1.7675253171866971, 309.91930018882215])
(8.0, 4, 26, 0, [15.597605033418183, 8.8245564271750201, 1.7675228394920466, 309.91954614956506])
(8.0, 4, 27, 0, [15.597584075845461, 8.8244691998785534, 1.7675379359996093, 309.92884231005542])
(8.0, 4, 28, 0, [15.597587069785268, 8.8244802880942057, 1.7675360543134977, 309.92926062690447])
(8.0, 4, 29, 0, [15.597429887559787, 8.8242895707849787, 1.7675564432063728, 309.94259931466524])
(8.0, 4, 30, 0, [15.597429887559787, 8.8242895707849787, 1.7675564432063728, 309.94259931466524])
(8.0, 4, 31, 1, [15.597429887559787, 8.8242895707849787, 1.7675564432063728, 309.94259931466524])
(8.0, 4, 32, 2, [15.597429887559787, 8.8242895707849787, 1.7675564432063728, 309.94259931466524])
(8.0, 4, 33, 3, [15.597429887559787, 8.8242895707849787, 1.7675564432063728, 309.94259931466524])
(8.0, 4, 34, 4, [15.597429887559787, 8.8242895707849787, 1.7675564432063728, 309.94259931466524])
(8.0, 4, 35, 5, [15.597429887559787, 8.8242895707849787, 1.7675564432063728, 309.94259931466524])
(8.0, 4, 36, 6, [15.597429887559787, 8.8242895707849787, 1.7675564432063728, 309.94259931466524])

 END Bacth-------2016-12-31 04:52:50:998187---------------------------------

2016-12-31 04:52:51:004413
('Start PYGMO optimization ', 20120420, 20161223, "['SPY' 'XLF' 'XLE' 'ZIV' 'XLU' 'IEF' 'HYG' 'UGLD' 'SHY']", 'init_pop', 9, 'iteration', 100, 'concen', 1080.0)
(8.0, 5, 1, 0, [4.0091265063806558, 8.3009583174116788, 0.4829715260672145, 221.68173961434866])
(8.0, 5, 2, 0, [13.953186556119746, 9.0998790394738727, 1.5333375856528393, 225.01424571496997])
(8.0, 5, 3, 0, [14.893573794471514, 8.8005349167850824, 1.6923486964485877, 245.56579614608265])
(8.0, 5, 4, 0, [14.606723830544244, 8.3436871260364196, 1.7506317782415475, 259.58683075542791])
(8.0, 5, 5, 0, [14.790841843494086, 8.4177941065294544, 1.7570923755454213, 267.79407495838655])
(8.0, 5, 6, 0, [14.85392293720993, 8.3664497543425913, 1.7754153043828447, 280.96152664149815])
(8.0, 5, 7, 0, [14.842681702572547, 8.3510046091528043, 1.7773528332513173, 293.74702005424473])
(8.0, 5, 8, 0, [14.898432669725302, 8.37929951785528, 1.7780045501391297, 296.34901529723749])
(8.0, 5, 9, 0, [14.929362354967935, 8.3923799162535424, 1.7789187934705151, 296.64047267593008])
(8.0, 5, 10, 0, [14.972063749924192, 8.4155572438251234, 1.7790935663719565, 297.86243988788465])
(8.0, 5, 11, 0, [15.006147255880254, 8.436115534859546, 1.7787982151112269, 299.79153835834353])
(8.0, 5, 12, 0, [15.017418343538225, 8.4358597666851569, 1.7801882391223378, 305.1056694149791])
(8.0, 5, 13, 0, [15.04532388719455, 8.4543859573976317, 1.7795880106502369, 305.71514023842832])
(8.0, 5, 14, 0, [15.086180094674951, 8.4844971158240146, 1.7780877155981896, 304.55583282858123])
(8.0, 5, 15, 0, [15.254267161174795, 8.624974459142031, 1.7686159226832323, 299.54319730275949])
(8.0, 5, 16, 0, [15.303000824957834, 8.65278813928518, 1.7685629855513878, 300.06262385175779])
(8.0, 5, 17, 0, [15.345898046266626, 8.6906506996671524, 1.7657939061863763, 300.67856974256051])
(8.0, 5, 18, 0, [15.324098883845338, 8.6734462242604753, 1.766783177946309, 301.04867220971789])
(8.0, 5, 19, 0, [15.290665024226847, 8.6470599670790111, 1.7683079662268208, 300.59496728701612])
(8.0, 5, 20, 0, [15.284295724572194, 8.6416533531267721, 1.768677254224962, 300.78837528598586])
(8.0, 5, 21, 0, [15.288894812209431, 8.6396582135236688, 1.7696180143188656, 301.08376847868323])
(8.0, 5, 22, 0, [15.290604557487919, 8.6416991844181368, 1.7693979194576035, 301.00340670613275])
(8.0, 5, 23, 0, [15.313815220037252, 8.6607783074844917, 1.7681800268231465, 300.05946242980872])
(8.0, 5, 24, 0, [15.331839991922536, 8.6763188113288923, 1.7670904360848703, 303.2280368392594])
(8.0, 5, 25, 0, [15.335209427283081, 8.6788424892114406, 1.766964828126111, 303.30764483527543])
(8.0, 5, 26, 0, [15.350457939154616, 8.6936371257496052, 1.7657118323570504, 303.5945911688616])
(8.0, 5, 27, 0, [15.381981840109106, 8.7247203510815385, 1.7630343691419652, 304.0432616715907])
(8.0, 5, 28, 0, [15.442228582489914, 8.7942057632905417, 1.7559548864492196, 304.74407590733279])
(8.0, 5, 29, 0, [15.44864112742712, 8.8008771730415614, 1.7553524294997187, 304.75602200405609])
(8.0, 5, 30, 0, [15.452513893184605, 8.8055645314051336, 1.7548578331432427, 304.8527710943697])
(8.0, 5, 31, 0, [15.459020568722902, 8.8085088222681041, 1.7550099432996149, 305.22879438515685])
(8.0, 5, 32, 0, [15.457213210479882, 8.7989611293767815, 1.7567088867881719, 306.39435515488793])
(8.0, 5, 33, 0, [15.466537582327188, 8.8034740331474168, 1.7568675189012393, 305.9510247799235])
(8.0, 5, 34, 0, [15.474297763785994, 8.8091497211328278, 1.7566165014386939, 304.93211300590019])
(8.0, 5, 35, 0, [15.480603096836854, 8.8136958895504218, 1.7564258275794111, 304.239013382792])
(8.0, 5, 36, 0, [15.480353672519387, 8.8136330563283902, 1.7564100494749029, 304.25865274926241])
(8.0, 5, 37, 0, [15.48087205216564, 8.8139878792292752, 1.7563981553284527, 304.29449690607555])
(8.0, 5, 38, 0, [15.481232659050125, 8.8140270575912485, 1.7564312609769699, 304.37681226638915])
(8.0, 5, 39, 0, [15.481555699203554, 8.8136870189779, 1.7565356775057015, 304.53190641705243])
(8.0, 5, 40, 0, [15.482497755478853, 8.8141105888158329, 1.7565581461077302, 304.58209709205556])
(8.0, 5, 41, 0, [15.482605932382221, 8.814225167044242, 1.7565475851774897, 304.6000804073575])
(8.0, 5, 42, 0, [15.483602043865364, 8.8145932958039115, 1.7565872325880489, 304.85284926853114])
(8.0, 5, 43, 0, [15.483472836616553, 8.8145001547924284, 1.7565911355958412, 304.86370220982036])
(8.0, 5, 44, 0, [15.483447295585862, 8.8145223312237349, 1.7565838185852403, 304.79585762501182])
(8.0, 5, 45, 0, [15.487587676301761, 8.8166224392683503, 1.7566350133495117, 304.33197351068355])
(8.0, 5, 46, 0, [15.496860991131346, 8.8207516907774028, 1.7568639878315806, 304.55220616875243])
(8.0, 5, 47, 0, [15.499801325230568, 8.8227985753868854, 1.7567896617826722, 305.10678885442462])
(8.0, 5, 48, 0, [15.510932457805083, 8.82909889952073, 1.7567967732977894, 306.24054262435499])
(8.0, 5, 49, 0, [15.540541233805062, 8.8478453761175047, 1.7564209785755045, 309.69877550258241])
(8.0, 5, 50, 0, [15.541823440658199, 8.8486681217189336, 1.7564025711972413, 310.07281429526381])
(8.0, 5, 51, 0, [15.54964002221384, 8.8536341639025746, 1.7563002643153878, 310.87802947342811])
(8.0, 5, 52, 0, [15.565220904610232, 8.8626917576620503, 1.7562633712442561, 312.20459115984511])
(8.0, 5, 53, 0, [15.572992721352129, 8.8672571456534417, 1.7562356053907506, 312.91898458095767])
(8.0, 5, 54, 0, [15.607285938991943, 8.8881909575912985, 1.755957541130678, 316.19643362708138])
(8.0, 5, 55, 0, [15.607550819857963, 8.8883617161123514, 1.7559536074646265, 316.26996408849794])
(8.0, 5, 56, 0, [15.607157239009029, 8.8882796633165206, 1.755925536796787, 316.33151995244833])
(8.0, 5, 57, 0, [15.602603015774651, 8.8870037793020877, 1.7556651716648592, 316.6189898264621])
(8.0, 5, 58, 0, [15.594465732819462, 8.8848267929622811, 1.7551794870297217, 317.12004072682828])
(8.0, 5, 59, 0, [15.580404648749369, 8.885039686702811, 1.7535548740504467, 318.00317051052423])
(8.0, 5, 60, 0, [15.581087632576107, 8.8858476480167017, 1.7534722909697606, 318.02535456305327])
(8.0, 5, 61, 0, [15.578548834899264, 8.8859755321038971, 1.7531613471830922, 318.01267048744029])
(8.0, 5, 62, 0, [15.56689469698027, 8.9127040455418385, 1.7465961640190306, 317.63038949702735])
