

/media/sf_project27//linux/batch/task/elvis_prod_20161220/pygmo_batch_generic.py
 task_0

2016-12-29 22:17:10:654243
('Start PYGMO optimization ', 20120420, 20161223, "['SPY' 'XLF' 'XLE' 'ZIV' 'XLU' 'IEF' 'HYG' 'UGLD' 'SHY']", 'init_pop', 10, 'iteration', 10, 'concen', 135.0)
(1.0, 0, 1, 0, [10.395567550276041, 9.5112045304676993, 1.0929811799310403, 134.15999719123027])
(1.0, 0, 2, 0, [13.238238627658072, 10.034542436770392, 1.3192667937850473, 125.4767882977476])
(1.0, 0, 3, 0, [14.609268480424099, 10.515170754022142, 1.3893515209761029, 134.81267233495535])
(1.0, 0, 4, 0, [15.155377231171464, 10.864219651409952, 1.3949807457367274, 130.52871641967866])
(1.0, 0, 5, 0, [15.468825404281649, 11.176738052722865, 1.3840196783097329, 133.28769169687899])
(1.0, 0, 6, 0, [15.706807826307646, 11.521816629692644, 1.3632232078602904, 132.38304421340445])
(1.0, 0, 7, 0, [16.116815365906611, 11.72470288599013, 1.3746033074462487, 134.66568047744536])
(1.0, 0, 8, 0, [16.244920670849218, 11.846610424947436, 1.3712716201622961, 134.7332584115785])
(1.0, 0, 9, 0, [16.615726220747227, 12.105498823220282, 1.3725767490783287, 134.98195781059465])
(1.0, 0, 10, 0, [16.771786432234826, 12.119234904770805, 1.3838981226143672, 134.9244031992601])

 END Bacth-----------------
2016-12-29 22:17:18:528681---------------------------------

2016-12-29 22:17:18:533330
('Start PYGMO optimization ', 20120420, 20161223, "['SPY' 'XLF' 'XLE' 'ZIV' 'XLU' 'IEF' 'HYG' 'UGLD' 'SHY']", 'init_pop', 10, 'iteration', 10, 'concen', 135.0)
(1.0, 1, 1, 0, [11.65855205248889, 10.36319271342918, 1.1249961642980078, 134.7458036830501])
(1.0, 1, 2, 0, [13.662725072463445, 10.235569568910114, 1.3348280210964611, 129.59307912173114])
(1.0, 1, 3, 0, [14.390720554757607, 10.247630590682707, 1.4042973570731421, 132.72084704012119])
(1.0, 1, 4, 0, [15.340056130181345, 11.081299562957229, 1.3843192346735544, 134.66696349441997])
(1.0, 1, 5, 0, [15.629208133074135, 11.316536797242936, 1.3810946240091668, 134.70789578591288])
(1.0, 1, 6, 0, [15.83358517709954, 11.358385940759232, 1.3939995752636991, 133.87112248119416])
(1.0, 1, 7, 0, [15.966568053379348, 11.452691954099542, 1.3941323242928965, 134.95344128209425])
(1.0, 1, 8, 0, [16.04042605596274, 11.478721170736989, 1.3974053221934712, 134.97486448386582])
(1.0, 1, 9, 0, [16.074484535064549, 11.487338931942242, 1.3993218647329253, 134.88633165616508])
(1.0, 1, 10, 0, [16.093962465450517, 11.498136636344809, 1.3997017929477915, 134.99796948652173])

 END Bacth-----------------
2016-12-29 22:17:26:566884---------------------------------

2016-12-29 22:17:26:570940
('Start PYGMO optimization ', 20120420, 20161223, "['SPY' 'XLF' 'XLE' 'ZIV' 'XLU' 'IEF' 'HYG' 'UGLD' 'SHY']", 'init_pop', 10, 'iteration', 10, 'concen', 135.0)
(1.0, 2, 1, 0, [10.883653310507357, 10.029659925811334, 1.0851467937111479, 134.94367180716606])
(1.0, 2, 2, 0, [12.487440028027175, 10.476234115150614, 1.1919779465378668, 132.22256828010416])
(1.0, 2, 3, 0, [13.14469236905218, 10.766450418714127, 1.2208937818730135, 134.6280140062199])
(1.0, 2, 4, 0, [14.597716233941771, 10.991344565439027, 1.3281101458544526, 133.70056635469822])
(1.0, 2, 5, 0, [14.996413334954205, 11.359081541487843, 1.3202135472116645, 133.13928907412301])
(1.0, 2, 6, 0, [15.281059933434914, 11.439890239521349, 1.3357698031615279, 134.98533351695471])
(1.0, 2, 7, 0, [15.573714816945095, 11.592876568524325, 1.3433865809655123, 134.29487482774391])
(1.0, 2, 8, 0, [15.923679584245232, 11.632380924037271, 1.3689097432616204, 134.67334508436167])
(1.0, 2, 9, 0, [16.087595945120903, 11.728594110469839, 1.3716559541232556, 134.64263388284002])
(1.0, 2, 10, 0, [16.192929368350619, 11.832143260378212, 1.3685542012135012, 134.99326815246997])

 END Bacth-----------------
2016-12-29 22:17:34:806786---------------------------------

2016-12-29 22:17:34:811302
('Start PYGMO optimization ', 20120420, 20161223, "['SPY' 'XLF' 'XLE' 'ZIV' 'XLU' 'IEF' 'HYG' 'UGLD' 'SHY']", 'init_pop', 10, 'iteration', 10, 'concen', 135.0)
(1.0, 3, 1, 0, [10.764152170203634, 9.635642400236943, 1.117118270177704, 129.9581337846906])
(1.0, 3, 2, 0, [13.099309708100893, 10.588617616076654, 1.2371123581053929, 133.64781287068749])
(1.0, 3, 3, 0, [14.32597104451272, 10.72603313344578, 1.3356262157946968, 134.37801719736404])
(1.0, 3, 4, 0, [14.986448950055898, 10.987608575978454, 1.3639409200305759, 134.89780602938222])
(1.0, 3, 5, 0, [15.300037471308547, 11.040137149597022, 1.3858557429123077, 134.95995937491418])
(1.0, 3, 6, 0, [15.559278746668713, 11.240584737665298, 1.3842054581495395, 134.87203660735071])
(1.0, 3, 7, 0, [15.677437321355402, 11.230042062222742, 1.3960265896147852, 134.85517511392419])
(1.0, 3, 8, 0, [15.858610841532816, 11.368306936910862, 1.3949844008911072, 134.60945410081976])
(1.0, 3, 9, 0, [16.028520678738346, 11.437022087739193, 1.4014592746062251, 134.20631633475486])
(1.0, 3, 10, 0, [16.186350609767342, 11.522735473163062, 1.4047315975851424, 134.49395493548528])

 END Bacth-----------------
2016-12-29 22:17:43:716717---------------------------------

2016-12-29 22:17:43:721209
('Start PYGMO optimization ', 20120420, 20161223, "['SPY' 'XLF' 'XLE' 'ZIV' 'XLU' 'IEF' 'HYG' 'UGLD' 'SHY']", 'init_pop', 10, 'iteration', 10, 'concen', 135.0)
(1.0, 4, 1, 0, [11.537386847238729, 9.6273402835706019, 1.1983981564386674, 131.72775981891598])
(1.0, 4, 2, 0, [13.514881868098128, 9.9428547207528659, 1.3592556914152307, 130.63409903432375])
(1.0, 4, 3, 0, [14.714477107854096, 10.23154602505695, 1.4381479662817813, 133.78613377104017])
(1.0, 4, 4, 0, [15.497227421620941, 10.740033853743213, 1.4429402767869028, 133.73977507484511])
(1.0, 4, 5, 0, [15.811059947112071, 11.076858362981147, 1.4273956955117006, 134.86871738943637])
(1.0, 4, 6, 0, [16.096617750544496, 11.445190406603324, 1.4064089087812397, 134.85246262756019])
(1.0, 4, 7, 0, [16.293819134856413, 11.569838952469969, 1.4083012911236723, 134.82602671077177])
(1.0, 4, 8, 0, [16.380080435821842, 11.543895484700235, 1.4189387332492114, 134.84733889669806])
(1.0, 4, 9, 0, [16.47105862989855, 11.748848584395377, 1.4019296028527537, 134.849754747883])
(1.0, 4, 10, 0, [16.508933131200543, 11.767121963790974, 1.4029711922763071, 134.91061605329787])

 END Bacth-----------------
2016-12-29 22:17:52:418279---------------------------------

 task_1

2016-12-29 22:17:52:424106
('Start PYGMO optimization ', 20120420, 20161223, "['SPY' 'XLF' 'XLE' 'ZIV' 'XLU' 'IEF' 'HYG' 'UGLD' 'SHY']", 'init_pop', 10, 'iteration', 10, 'concen', 135.0)
(1.0, 0, 1, 0, [10.892691709496049, 9.7223625956420747, 1.1203749708305015, 133.89150675997121])
(1.0, 0, 2, 0, [13.40789538286451, 10.207342667930309, 1.3135539600321031, 128.15893345410103])
(1.0, 0, 3, 0, [14.513449862395312, 10.88595477173231, 1.3332270955307073, 133.84071385034434])
(1.0, 0, 4, 0, [15.289526718313162, 10.749037484853179, 1.4224089124126822, 133.76929909531211])
(1.0, 0, 5, 0, [15.755177545055975, 11.31227966164669, 1.3927500040926808, 132.16012957890223])
(1.0, 0, 6, 0, [16.071228688987759, 11.546567005458151, 1.3918620730638609, 134.73057204308526])
(1.0, 0, 7, 0, [16.277212566066201, 11.636547875479543, 1.3988008076145535, 134.95492430576741])
(1.0, 0, 8, 0, [16.379139979908853, 11.707077058388652, 1.3990802228616455, 134.45656075393549])
(1.0, 0, 9, 0, [16.482166925258923, 11.740981125782621, 1.4038151282830094, 134.97833980598196])
(1.0, 0, 10, 0, [16.535868575646042, 11.75707973648154, 1.4064605281476652, 134.77314011305501])

 END Bacth-----------------
2016-12-29 22:18:00:920772---------------------------------

2016-12-29 22:18:00:929901
('Start PYGMO optimization ', 20120420, 20161223, "['SPY' 'XLF' 'XLE' 'ZIV' 'XLU' 'IEF' 'HYG' 'UGLD' 'SHY']", 'init_pop', 10, 'iteration', 10, 'concen', 135.0)
(1.0, 1, 1, 0, [11.240693178316574, 9.88383880176311, 1.1372800997433734, 128.79017459409113])
(1.0, 1, 2, 0, [13.990096880457269, 10.671286177482301, 1.3110038141398608, 133.74736477570499])
(1.0, 1, 3, 0, [15.009884399158157, 10.985509207148215, 1.3663348795330581, 133.54130294431371])
(1.0, 1, 4, 0, [15.584792860901597, 11.142890904835911, 1.3986310190058437, 134.55369906485009])
(1.0, 1, 5, 0, [15.977173098295383, 11.563318342451822, 1.3817117738287288, 134.5363845799111])
(1.0, 1, 6, 0, [16.104222831593983, 11.603383022462415, 1.3878903075438098, 134.74066431796291])
(1.0, 1, 7, 0, [16.310288202744296, 11.67068996990286, 1.3975427540964875, 134.02236812437363])
(1.0, 1, 8, 0, [16.413489387161228, 11.761786314418909, 1.3954929079981451, 134.95975968937094])
(1.0, 1, 9, 0, [16.518992986732851, 11.850803248892896, 1.3939133609593979, 134.80779177035612])
(1.0, 1, 10, 0, [16.741744503824464, 11.784231080543037, 1.4206904455112717, 134.98989057225771])

 END Bacth-----------------
2016-12-29 22:18:10:217034---------------------------------

2016-12-29 22:18:10:222793
('Start PYGMO optimization ', 20120420, 20161223, "['SPY' 'XLF' 'XLE' 'ZIV' 'XLU' 'IEF' 'HYG' 'UGLD' 'SHY']", 'init_pop', 10, 'iteration', 10, 'concen', 135.0)
(1.0, 2, 1, 0, [12.000027163540871, 9.7190723524507394, 1.2346885307953255, 120.90634128835156])
(1.0, 2, 2, 0, [14.0462186633453, 10.348832734944599, 1.3572756486744488, 133.19381432836002])
(1.0, 2, 3, 0, [14.712095012129334, 10.818028362644071, 1.3599608467409767, 132.98920587569896])
(1.0, 2, 4, 0, [15.064776592308228, 10.989547535288917, 1.3708277382606699, 132.24606350940843])
(1.0, 2, 5, 0, [15.626758464431534, 11.479842558946663, 1.3612345625988596, 130.32439962334564])
(1.0, 2, 6, 0, [16.107663816480809, 11.763337925395906, 1.3693106428325863, 134.3924325275307])
(1.0, 2, 7, 0, [16.669535261262869, 12.146051384719591, 1.3724242334619192, 134.9800993775012])
(1.0, 2, 8, 0, [16.71935260246109, 12.246295507149092, 1.3652579747647553, 134.84859881859504])
(1.0, 2, 9, 0, [16.810148222451481, 12.211355061198786, 1.3765997416507219, 134.94935803103257])
(1.0, 2, 10, 0, [17.059899245938869, 12.318487183191722, 1.3849021387315066, 134.972744417467])

 END Bacth-----------------
2016-12-29 22:18:18:224190---------------------------------

2016-12-29 22:18:18:228754
('Start PYGMO optimization ', 20120420, 20161223, "['SPY' 'XLF' 'XLE' 'ZIV' 'XLU' 'IEF' 'HYG' 'UGLD' 'SHY']", 'init_pop', 10, 'iteration', 10, 'concen', 135.0)
(1.0, 3, 1, 0, [10.828193320144974, 10.070485996630078, 1.0752403929431462, 131.21411527757752])
(1.0, 3, 2, 0, [13.532644446467913, 11.004801963169479, 1.229703586830416, 134.75602705651161])
(1.0, 3, 3, 0, [14.335012357460331, 11.285574803068805, 1.2702066671484304, 134.86524464022321])
(1.0, 3, 4, 0, [14.943854324703221, 11.177565972824931, 1.3369506707484391, 134.16778316168828])
(1.0, 3, 5, 0, [15.449931601052969, 11.250287665575758, 1.3732921379715035, 134.47441147533939])
(1.0, 3, 6, 0, [15.972268208732142, 11.435084606857483, 1.3967774404706865, 134.4525106960956])
(1.0, 3, 7, 0, [16.189233208883969, 11.528781507551273, 1.4042449497616147, 134.99602689591785])
(1.0, 3, 8, 0, [16.269347110002652, 11.667432252144106, 1.3944239622229526, 133.74137371952162])
(1.0, 3, 9, 0, [16.326476628079376, 11.748791664888362, 1.3896302780541743, 134.7994774707185])
(1.0, 3, 10, 0, [16.386911046102949, 11.789091415070791, 1.3900062752210449, 134.57129285060586])

 END Bacth-----------------
2016-12-29 22:18:26:940981---------------------------------

2016-12-29 22:18:26:945448
('Start PYGMO optimization ', 20120420, 20161223, "['SPY' 'XLF' 'XLE' 'ZIV' 'XLU' 'IEF' 'HYG' 'UGLD' 'SHY']", 'init_pop', 10, 'iteration', 10, 'concen', 135.0)
(1.0, 4, 1, 0, [11.122946867713335, 9.9404884955325858, 1.1189537488738268, 124.74483127334312])
(1.0, 4, 2, 0, [13.451171329014745, 10.011696277239638, 1.3435456846203306, 124.5736662728679])
(1.0, 4, 3, 0, [14.957728461820064, 10.764874413662696, 1.3894940049496378, 131.46326606971428])
(1.0, 4, 4, 0, [15.449290883011368, 10.868920315632307, 1.4214190953991364, 130.35228113429284])
(1.0, 4, 5, 0, [15.790077905564171, 11.272820398210731, 1.4007211458873625, 134.25629083953032])
(1.0, 4, 6, 0, [15.867239717672277, 11.40305001262255, 1.3914908467566232, 134.99170459620339])
(1.0, 4, 7, 0, [16.186247759887017, 11.709498724687194, 1.3823177354092429, 133.64616460440453])
(1.0, 4, 8, 0, [16.386075915859056, 11.770597749790895, 1.3921192673626244, 134.9856621937638])
(1.0, 4, 9, 0, [16.474375511598559, 11.801203442635387, 1.395991145452161, 134.87081974096947])
(1.0, 4, 10, 0, [16.513540295554098, 11.84190089015256, 1.3945008025938099, 134.66862124619044])

 END Bacth-----------------
2016-12-29 22:18:36:422532---------------------------------

 task_2

2016-12-29 22:18:36:428206
('Start PYGMO optimization ', 20120420, 20161223, "['SPY' 'XLF' 'XLE' 'ZIV' 'XLU' 'IEF' 'HYG' 'UGLD' 'SHY']", 'init_pop', 10, 'iteration', 10, 'concen', 135.0)
(1.0, 0, 1, 0, [10.176970381867045, 9.9004718644564882, 1.0279278120473438, 115.63183741521587])
(1.0, 0, 2, 0, [13.660245034023898, 10.957965340252615, 1.2466041468341593, 125.17355908069034])
(1.0, 0, 3, 0, [14.615532656584417, 11.136600190488965, 1.3123873001265305, 134.02902614710595])
(1.0, 0, 4, 0, [15.338644912740751, 11.219759590240836, 1.3671099446803301, 131.49026407936785])
(1.0, 0, 5, 0, [15.961513537678428, 11.510968658712452, 1.3866351313186347, 134.03080594163163])
(1.0, 0, 6, 0, [16.148717548181523, 11.520522265318791, 1.4017348498857021, 134.36573502601087])
(1.0, 0, 7, 0, [16.286388413847487, 11.59856112708226, 1.4041731759139764, 134.92172841414757])
(1.0, 0, 8, 0, [16.415867099683148, 11.792790443812521, 1.3920256768656714, 134.93973875701394])
(1.0, 0, 9, 0, [16.500362722638972, 11.79085296293081, 1.3994206165164098, 134.48740985995792])
(1.0, 0, 10, 0, [16.573520645418061, 11.823118192051318, 1.4017893060191546, 134.67469348259132])

 END Bacth-----------------
2016-12-29 22:18:45:312465---------------------------------

2016-12-29 22:18:45:317455
('Start PYGMO optimization ', 20120420, 20161223, "['SPY' 'XLF' 'XLE' 'ZIV' 'XLU' 'IEF' 'HYG' 'UGLD' 'SHY']", 'init_pop', 10, 'iteration', 10, 'concen', 135.0)
(1.0, 1, 1, 0, [10.428512416773184, 9.5732268343280822, 1.089341409876363, 133.43491837271196])
(1.0, 1, 2, 0, [12.973959992765561, 10.508697453724114, 1.2345925886531062, 134.41498483531672])
(1.0, 1, 3, 0, [14.215612893897966, 10.704372673775483, 1.3280192428954414, 129.66134590613939])
(1.0, 1, 4, 0, [14.913471414581547, 10.928033810919805, 1.3646985059361096, 134.56349469628466])
(1.0, 1, 5, 0, [15.382242597625041, 11.036238532973544, 1.3937939590256874, 133.62966002502117])
(1.0, 1, 6, 0, [15.753559912907811, 11.492353762274753, 1.3707861973950939, 133.4099912354126])
(1.0, 1, 7, 0, [16.034432590321892, 11.701155212015751, 1.370329023057173, 134.8505486005167])
(1.0, 1, 8, 0, [16.268403358340787, 11.906668636208542, 1.3663270437264106, 134.71457883162046])
(1.0, 1, 9, 0, [16.34739051212415, 11.956299489469878, 1.3672617122481401, 134.93945600129501])
(1.0, 1, 10, 0, [16.489901124329197, 12.14472819098504, 1.3577826415719667, 134.41926399841012])

 END Bacth-----------------
2016-12-29 22:18:53:669102---------------------------------

2016-12-29 22:18:53:673685
('Start PYGMO optimization ', 20120420, 20161223, "['SPY' 'XLF' 'XLE' 'ZIV' 'XLU' 'IEF' 'HYG' 'UGLD' 'SHY']", 'init_pop', 10, 'iteration', 10, 'concen', 135.0)
(1.0, 2, 1, 0, [8.8929707795333925, 9.0559593564880352, 0.98200206399580725, 128.66891030078347])
(1.0, 2, 2, 0, [12.360084778633574, 9.8674304602402945, 1.2526143283641218, 132.75194324985796])
(1.0, 2, 3, 0, [13.857038245813747, 10.53201892809918, 1.3157057863657549, 132.64461535699758])
(1.0, 2, 4, 0, [14.65660250880223, 11.148768398346201, 1.3146387103149777, 131.72142630182896])
(1.0, 2, 5, 0, [15.252231542380446, 11.155013281401782, 1.3672983758620672, 133.67664408020136])
(1.0, 2, 6, 0, [15.640167989825748, 11.231228501297577, 1.3925607504129038, 134.29530662559554])
(1.0, 2, 7, 0, [16.124071099432769, 11.399949008311689, 1.4143985282457605, 134.01381265877882])
(1.0, 2, 8, 0, [16.367341018668547, 11.378851090782172, 1.4384001414630931, 134.66511474167538])
(1.0, 2, 9, 0, [16.460966069193027, 11.43126212931482, 1.4399955038192869, 134.45000379485325])
(1.0, 2, 10, 0, [16.534740909341238, 11.456938740694513, 1.443207586561549, 134.97975840655906])

 END Bacth-----------------
2016-12-29 22:19:02:079312---------------------------------

2016-12-29 22:19:02:083923
('Start PYGMO optimization ', 20120420, 20161223, "['SPY' 'XLF' 'XLE' 'ZIV' 'XLU' 'IEF' 'HYG' 'UGLD' 'SHY']", 'init_pop', 10, 'iteration', 10, 'concen', 135.0)
(1.0, 3, 1, 0, [9.6725297258243295, 9.6262395933634828, 1.0048087450984247, 127.10385617743445])
(1.0, 3, 2, 0, [11.794871034930821, 9.8615832745194538, 1.1960423297754461, 125.13129115385868])
(1.0, 3, 3, 0, [13.85369360684161, 10.413463726340865, 1.3303636494933651, 133.11719695155034])
(1.0, 3, 4, 0, [14.512980295485622, 10.565125383180536, 1.3736685338907564, 134.56903440010026])
(1.0, 3, 5, 0, [15.161669553506174, 11.335648445741873, 1.3375211507376543, 133.70477094665361])
(1.0, 3, 6, 0, [15.595790654687747, 11.185139963330078, 1.3943312918584627, 134.21621871358045])
(1.0, 3, 7, 0, [15.953962808652822, 11.33433486179422, 1.4075782128539756, 133.90006426167571])
(1.0, 3, 8, 0, [16.240746557293818, 11.371778287624522, 1.4281624339236378, 131.53823471363646])
(1.0, 3, 9, 0, [16.740817598202497, 11.753870067657282, 1.4242813219679553, 134.71703996205503])
(1.0, 3, 10, 0, [16.799906413576558, 11.843205603527689, 1.4185269576483952, 134.79739050552161])

 END Bacth-----------------
2016-12-29 22:19:10:188939---------------------------------

2016-12-29 22:19:10:194044
('Start PYGMO optimization ', 20120420, 20161223, "['SPY' 'XLF' 'XLE' 'ZIV' 'XLU' 'IEF' 'HYG' 'UGLD' 'SHY']", 'init_pop', 10, 'iteration', 10, 'concen', 135.0)
(1.0, 4, 1, 0, [8.8317973552061169, 8.8542077942590058, 0.99746895040486627, 129.23240784368062])
(1.0, 4, 2, 0, [11.368414067159271, 9.5649395019492776, 1.1885505459645047, 132.97821045072672])
(1.0, 4, 3, 0, [13.286130843028721, 10.105628987319641, 1.31472576914311, 134.70767925864826])
(1.0, 4, 4, 0, [14.447417905346516, 10.52354383526866, 1.37286622562709, 127.20599730488975])
(1.0, 4, 5, 0, [15.090904184984065, 10.933386462222536, 1.3802589195147128, 134.468110848804])
(1.0, 4, 6, 0, [15.520077335016103, 10.897962570069772, 1.4241265039430888, 129.69295427790115])
(1.0, 4, 7, 0, [16.008570882172847, 11.22212433703236, 1.4265187589613038, 134.86089130597571])
(1.0, 4, 8, 0, [16.205850778010401, 11.321116969521865, 1.431471013119904, 134.66215975146318])
(1.0, 4, 9, 0, [16.338176769572321, 11.360721118975684, 1.4381284954071136, 134.86088018082921])
(1.0, 4, 10, 0, [16.454492322567702, 11.45897010180208, 1.4359486215938384, 134.832180786864])

 END Bacth-----------------
2016-12-29 22:19:18:450250---------------------------------

 task_3

2016-12-29 22:19:18:456142
('Start PYGMO optimization ', 20120420, 20161223, "['SPY' 'XLF' 'XLE' 'ZIV' 'XLU' 'IEF' 'HYG' 'UGLD' 'SHY']", 'init_pop', 10, 'iteration', 10, 'concen', 189.0)
(1.0, 0, 1, 0, [13.572099311798791, 10.148578821043056, 1.3373398927204538, 185.04438007483935])
(1.0, 0, 2, 0, [16.178685907852653, 11.233724089033805, 1.4401890040762213, 183.82881031932823])
(1.0, 0, 3, 0, [16.974077517092788, 11.720173719503205, 1.448278662358623, 186.62464259428134])
(1.0, 0, 4, 0, [17.730780650425505, 12.713082774408807, 1.3946877374319646, 187.90571683502543])
(1.0, 0, 5, 0, [18.32452853551785, 12.895472094465148, 1.4210048613406638, 185.4854602876884])
(1.0, 0, 6, 0, [18.626294518479124, 12.981021374297358, 1.4348866688841222, 188.86967097814028])
(1.0, 0, 7, 0, [18.79230922408912, 13.039159106607423, 1.4412209461088916, 187.5607959142153])
(1.0, 0, 8, 0, [18.908148627537138, 13.01364438317626, 1.4529480037107174, 188.73716667798217])
(1.0, 0, 9, 0, [18.954247221898292, 13.03597604950073, 1.4539952474540045, 188.85678053969787])
(1.0, 0, 10, 0, [18.983186759147095, 13.036806926460304, 1.4561224129673698, 188.928307540905])

 END Bacth-----------------
2016-12-29 22:19:28:299696---------------------------------

2016-12-29 22:19:28:304056
('Start PYGMO optimization ', 20120420, 20161223, "['SPY' 'XLF' 'XLE' 'ZIV' 'XLU' 'IEF' 'HYG' 'UGLD' 'SHY']", 'init_pop', 10, 'iteration', 10, 'concen', 189.0)
(1.0, 1, 1, 0, [11.426948843125984, 9.0061451780612405, 1.2687946526735727, 180.74694610417063])
(1.0, 1, 2, 0, [14.004871719331558, 10.016639403777596, 1.3981607158634335, 163.83230811387071])
(1.0, 1, 3, 0, [15.938075514939264, 11.105998193716356, 1.4350871697383167, 184.21516070435467])
(1.0, 1, 4, 0, [16.66362209030865, 11.375721996324989, 1.4648408334602372, 188.19455574997795])
(1.0, 1, 5, 0, [17.347860359631007, 11.701761367804762, 1.4824999258112068, 187.28787654921211])
(1.0, 1, 6, 0, [17.798973428024457, 12.092742200719076, 1.4718723952426662, 186.73824366063454])
(1.0, 1, 7, 0, [18.005297832572786, 12.303356204112093, 1.4634460332502572, 186.96024903834197])
(1.0, 1, 8, 0, [18.358919029491183, 12.883480558843976, 1.4249968357260836, 188.46014700078248])
(1.0, 1, 9, 0, [18.497429856303516, 12.986147086786398, 1.4243970696377628, 188.93660528280756])
(1.0, 1, 10, 0, [18.577061597770484, 13.030224961648882, 1.4256900132152199, 188.53088618035463])

 END Bacth-----------------
2016-12-29 22:19:37:288479---------------------------------

2016-12-29 22:19:37:304221
('Start PYGMO optimization ', 20120420, 20161223, "['SPY' 'XLF' 'XLE' 'ZIV' 'XLU' 'IEF' 'HYG' 'UGLD' 'SHY']", 'init_pop', 10, 'iteration', 10, 'concen', 189.0)
(1.0, 2, 1, 0, [14.706250639433982, 10.7684337308872, 1.3656814915665874, 157.46589373529886])
(1.0, 2, 2, 0, [16.027159187642724, 10.812729673990852, 1.4822491332780439, 184.38053081227412])
(1.0, 2, 3, 0, [16.713792620575752, 11.459867508055572, 1.4584629891075964, 184.16054474028059])
(1.0, 2, 4, 0, [17.300589380537534, 11.928704616782273, 1.450332616686447, 187.62125753798222])
(1.0, 2, 5, 0, [17.693000502499267, 12.141619794530408, 1.4572191191878419, 188.54849427055967])
(1.0, 2, 6, 0, [18.459903240713381, 12.90267499935312, 1.4307035743858445, 187.93817970768805])
(1.0, 2, 7, 0, [18.6854680241048, 13.028478937290775, 1.4342018062156361, 186.42826212728602])
(1.0, 2, 8, 0, [18.783220814928491, 13.031258383347707, 1.4413973127055066, 188.25651440752952])
(1.0, 2, 9, 0, [18.858205662802874, 13.025544256214699, 1.4477863874137402, 188.92983725611009])
(1.0, 2, 10, 0, [18.929586586974768, 13.035502952299549, 1.4521562118656466, 188.80402614632706])

 END Bacth-----------------
2016-12-29 22:19:46:162546---------------------------------

2016-12-29 22:19:46:181218
('Start PYGMO optimization ', 20120420, 20161223, "['SPY' 'XLF' 'XLE' 'ZIV' 'XLU' 'IEF' 'HYG' 'UGLD' 'SHY']", 'init_pop', 10, 'iteration', 10, 'concen', 189.0)
(1.0, 3, 1, 0, [13.725316405148092, 10.305710664271379, 1.3318165871599774, 168.38586757477967])
(1.0, 3, 2, 0, [16.320267946966727, 11.362777613372064, 1.4362921199619831, 183.2825927965892])
(1.0, 3, 3, 0, [16.986401056907141, 11.92351459264245, 1.4246136007070271, 188.13096394035765])
(1.0, 3, 4, 0, [17.493612481399712, 12.170211867412375, 1.4374123205070541, 186.47057413627292])
(1.0, 3, 5, 0, [17.799515346447169, 12.415461760432441, 1.4336571357477403, 188.82314052192143])
(1.0, 3, 6, 0, [18.387524608071871, 12.630388340499971, 1.4558162514379194, 188.37849065789516])
(1.0, 3, 7, 0, [18.866737970732462, 13.013598551884895, 1.4497710141826832, 188.7229836525209])
(1.0, 3, 8, 0, [18.96376459272291, 13.02638548217555, 1.4557963618282046, 188.94888758027108])
(1.0, 3, 9, 0, [19.030775797526587, 13.036092845372272, 1.4598527352681745, 188.95732526956428])
(1.0, 3, 10, 0, [19.05422306177098, 13.032413036204341, 1.4620640865845731, 188.71943646195211])

 END Bacth-----------------
2016-12-29 22:19:54:896900---------------------------------

2016-12-29 22:19:54:900749
('Start PYGMO optimization ', 20120420, 20161223, "['SPY' 'XLF' 'XLE' 'ZIV' 'XLU' 'IEF' 'HYG' 'UGLD' 'SHY']", 'init_pop', 10, 'iteration', 10, 'concen', 189.0)
(1.0, 4, 1, 0, [12.933656358463441, 9.5453998483261486, 1.3549622398197858, 177.13653414145108])
(1.0, 4, 2, 0, [15.872086765250494, 11.68082607743815, 1.3588154348011297, 168.68951966011551])
(1.0, 4, 3, 0, [17.240686418454622, 12.510928340344396, 1.3780501294103029, 187.70327258872192])
(1.0, 4, 4, 0, [17.854006774203146, 12.6094197854864, 1.4159261153913942, 188.39265337587918])
(1.0, 4, 5, 0, [18.413635712611232, 12.905247465384539, 1.4268332135436939, 185.99928764084297])
(1.0, 4, 6, 0, [18.786726453410552, 13.027035990827173, 1.4421336109487217, 187.70368256929925])
(1.0, 4, 7, 0, [18.892621116931618, 13.033598736064796, 1.4495322051502577, 188.95081869308035])
(1.0, 4, 8, 0, [18.916114652190764, 13.03829274735776, 1.4508122358292772, 188.84960670485276])
(1.0, 4, 9, 0, [18.959846965214489, 13.037750164005157, 1.4542268970270007, 188.88949276565452])
(1.0, 4, 10, 0, [18.992849060363891, 13.037012428057066, 1.4568406040243713, 188.93066235212706])

 END Bacth-----------------
2016-12-29 22:20:03:498812---------------------------------

 task_4

2016-12-29 22:20:03:504057
('Start PYGMO optimization ', 20120420, 20161223, "['SPY' 'XLF' 'XLE' 'ZIV' 'XLU' 'IEF' 'HYG' 'UGLD' 'SHY']", 'init_pop', 10, 'iteration', 10, 'concen', 189.0)
(1.0, 0, 1, 0, [12.980360292478533, 9.942451109703109, 1.3055493207113329, 156.99228466514742])
(1.0, 0, 2, 0, [15.370038935284791, 11.403217814286096, 1.3478685740816958, 175.57789526262854])
(1.0, 0, 3, 0, [17.116818118509379, 12.042750610841839, 1.4213379211805204, 187.42235287053441])
(1.0, 0, 4, 0, [17.405518196291791, 12.179409911903452, 1.4290937181842154, 188.68586430582303])
(1.0, 0, 5, 0, [18.075923493092283, 12.704210723457917, 1.4228293190788839, 179.51041215402833])
(1.0, 0, 6, 0, [18.56858334140281, 12.904465376573837, 1.4389269760149344, 188.97313275328247])
(1.0, 0, 7, 0, [18.949781284723045, 13.142780699524724, 1.4418395709370935, 188.79255240438187])
(1.0, 0, 8, 0, [19.07101596446703, 13.265401580355684, 1.437650858056849, 188.55451321533423])
(1.0, 0, 9, 0, [19.157051747063079, 13.298692839031254, 1.440521409054409, 188.69585049315998])
(1.0, 0, 10, 0, [19.201671830619517, 13.340579682480769, 1.4393431385770816, 188.66867385328933])

 END Bacth-----------------
2016-12-29 22:20:11:874530---------------------------------

2016-12-29 22:20:11:880221
('Start PYGMO optimization ', 20120420, 20161223, "['SPY' 'XLF' 'XLE' 'ZIV' 'XLU' 'IEF' 'HYG' 'UGLD' 'SHY']", 'init_pop', 10, 'iteration', 10, 'concen', 189.0)
(1.0, 1, 1, 0, [13.092189397050991, 9.8764592246390723, 1.325595448659328, 162.53817948911674])
(1.0, 1, 2, 0, [15.701590626829788, 11.344088795496683, 1.3841209205857876, 179.47546562279371])
(1.0, 1, 3, 0, [16.920902647233582, 11.727364057746769, 1.4428564308154233, 187.89798450601344])
(1.0, 1, 4, 0, [17.393095319263963, 12.076603672443808, 1.4402306965617524, 180.86954511993073])
(1.0, 1, 5, 0, [18.244379658614761, 12.657003014923879, 1.4414454699191273, 188.94795978382066])
(1.0, 1, 6, 0, [18.630413382748934, 12.921037084473937, 1.4418667217614789, 187.93208716335758])
(1.0, 1, 7, 0, [18.789129248741364, 12.959013483869944, 1.4498888570590773, 188.73565227109364])
(1.0, 1, 8, 0, [18.903357814079836, 13.082905813429077, 1.4448898496751614, 188.95957635653025])
(1.0, 1, 9, 0, [19.05429291592533, 13.211010186507469, 1.4423040060468397, 188.43633718292821])
(1.0, 1, 10, 0, [19.160648357652079, 13.319111418548452, 1.4385830822744368, 188.8009576473772])

 END Bacth-----------------
2016-12-29 22:20:20:326748---------------------------------

2016-12-29 22:20:20:332004
('Start PYGMO optimization ', 20120420, 20161223, "['SPY' 'XLF' 'XLE' 'ZIV' 'XLU' 'IEF' 'HYG' 'UGLD' 'SHY']", 'init_pop', 10, 'iteration', 10, 'concen', 189.0)
(1.0, 2, 1, 0, [14.267749112252105, 10.444255701208322, 1.3660857719714228, 162.48835390008037])
(1.0, 2, 2, 0, [15.977746961977068, 11.19886273902182, 1.4267294219352729, 184.29369698830399])
(1.0, 2, 3, 0, [16.856765240508231, 11.378937578864262, 1.4814006249422378, 186.51994235623982])
(1.0, 2, 4, 0, [17.233101426671848, 11.408084062528861, 1.5106043514594982, 188.840507348149])
(1.0, 2, 5, 0, [17.715489652175375, 11.542517589101797, 1.5348029158649037, 188.13726328713801])
(1.0, 2, 6, 0, [17.859828898815167, 11.665444504684769, 1.5310028599118337, 188.68639228526024])
(1.0, 2, 7, 0, [18.007132392975358, 11.771566120624561, 1.5297142460445998, 188.87118411664906])
(1.0, 2, 8, 0, [18.125667978462047, 11.849760217407169, 1.5296231861160901, 188.88434999188806])
(1.0, 2, 9, 0, [18.331565631064951, 12.093561989462996, 1.515811937544709, 188.87693471639361])
(1.0, 2, 10, 0, [18.433610510003582, 12.264791390072117, 1.5029697549462513, 188.62379521795609])

 END Bacth-----------------
2016-12-29 22:20:29:354718---------------------------------

2016-12-29 22:20:29:371093
('Start PYGMO optimization ', 20120420, 20161223, "['SPY' 'XLF' 'XLE' 'ZIV' 'XLU' 'IEF' 'HYG' 'UGLD' 'SHY']", 'init_pop', 10, 'iteration', 10, 'concen', 189.0)
(1.0, 3, 1, 0, [13.013914812503602, 10.258182875912162, 1.2686374351019161, 155.44126060271512])
(1.0, 3, 2, 0, [16.063084655098315, 11.564005811822287, 1.3890588535225796, 183.08798087442116])
(1.0, 3, 3, 0, [17.302053384212044, 12.094270156836014, 1.4305992143256738, 187.37460927831432])
(1.0, 3, 4, 0, [18.160470437869456, 12.290045910042632, 1.4776568428462822, 188.73745324725272])
(1.0, 3, 5, 0, [18.505320175431915, 12.73297059800343, 1.4533387973371752, 186.97656186559524])
(1.0, 3, 6, 0, [18.744473634778714, 13.092310098731295, 1.4317162894419329, 188.33736240448559])
(1.0, 3, 7, 0, [18.918003327065879, 13.238506004468576, 1.4290134642595038, 188.34190485596019])
(1.0, 3, 8, 0, [19.081621199104038, 13.225952665921003, 1.4427407749818426, 188.60405614162801])
(1.0, 3, 9, 0, [19.147880325236954, 13.2989722620657, 1.4398015085612905, 188.94920201546506])
(1.0, 3, 10, 0, [19.172683255884571, 13.337278351073781, 1.4375259142987731, 188.97825103336044])

 END Bacth-----------------
2016-12-29 22:20:39:338187---------------------------------

2016-12-29 22:20:39:342898
('Start PYGMO optimization ', 20120420, 20161223, "['SPY' 'XLF' 'XLE' 'ZIV' 'XLU' 'IEF' 'HYG' 'UGLD' 'SHY']", 'init_pop', 10, 'iteration', 10, 'concen', 189.0)
(1.0, 4, 1, 0, [13.743997497304171, 10.515924013472146, 1.3069700275217357, 185.73669967475624])
(1.0, 4, 2, 0, [15.821833340764169, 11.779724090487417, 1.3431412501028706, 182.98153126155836])
(1.0, 4, 3, 0, [16.832309258834432, 11.985236036251456, 1.4044203391507812, 186.64385236938244])
(1.0, 4, 4, 0, [17.3528490301901, 12.116071067237911, 1.4322175013575595, 187.95605273972845])
(1.0, 4, 5, 0, [17.824012222239194, 12.444721343896699, 1.4322548275442646, 188.54663511363611])
(1.0, 4, 6, 0, [18.407775989657992, 12.795959055054345, 1.4385616514134598, 184.59836441707321])
(1.0, 4, 7, 0, [18.861770749396236, 13.171168010024306, 1.432049969679297, 187.1196946149964])
(1.0, 4, 8, 0, [19.044802117872763, 13.260404491168218, 1.436215775360179, 188.81041091277675])
(1.0, 4, 9, 0, [19.11966408191217, 13.351919231021562, 1.4319787104081603, 188.61977028830967])
(1.0, 4, 10, 0, [19.160110096567195, 13.362732458926043, 1.4338467192590252, 188.94335368313423])

 END Bacth-----------------
2016-12-29 22:20:48:052216---------------------------------

 task_5

2016-12-29 22:20:48:059677
('Start PYGMO optimization ', 20120420, 20161223, "['SPY' 'XLF' 'XLE' 'ZIV' 'XLU' 'IEF' 'HYG' 'UGLD' 'SHY']", 'init_pop', 10, 'iteration', 10, 'concen', 189.0)
(1.0, 0, 1, 0, [13.22111840425999, 10.135546471579289, 1.3044307419765515, 185.50820026205633])
(1.0, 0, 2, 0, [15.515436938739624, 11.767997932827534, 1.318443207358015, 186.38317290866681])
(1.0, 0, 3, 0, [17.057666461304667, 12.516244770142663, 1.3628421922520648, 183.97913093581209])
(1.0, 0, 4, 0, [17.764316320368589, 12.476044813901106, 1.4238740390364073, 188.6626606742339])
(1.0, 0, 5, 0, [18.07055314832191, 12.6150511206092, 1.4324597637816989, 188.75367487659932])
(1.0, 0, 6, 0, [18.411149982735875, 12.874040791251673, 1.4300987763878181, 188.90022542945471])
(1.0, 0, 7, 0, [18.803507072588353, 13.119755650114776, 1.4332208292632231, 188.87004809183392])
(1.0, 0, 8, 0, [18.935441380443852, 13.260623298623763, 1.4279450485867464, 188.91404616979193])
(1.0, 0, 9, 0, [19.058298531051211, 13.311688227776179, 1.4316965816014344, 188.98130664373161])
(1.0, 0, 10, 0, [19.184044705779833, 13.402054228487909, 1.4314256888322023, 188.96971405170126])

 END Bacth-----------------
2016-12-29 22:20:57:452713---------------------------------

2016-12-29 22:20:57:457362
('Start PYGMO optimization ', 20120420, 20161223, "['SPY' 'XLF' 'XLE' 'ZIV' 'XLU' 'IEF' 'HYG' 'UGLD' 'SHY']", 'init_pop', 10, 'iteration', 10, 'concen', 189.0)
(1.0, 1, 1, 0, [12.601124076659387, 9.8531296189058608, 1.2788955960226855, 181.36852502069175])
(1.0, 1, 2, 0, [15.565219406099096, 11.025210932899778, 1.4117842734102897, 179.10927991233595])
(1.0, 1, 3, 0, [16.381012102185167, 11.427227497246003, 1.4335071307657994, 186.70646720688256])
(1.0, 1, 4, 0, [16.855338175035463, 11.716638057138756, 1.4385814508254593, 187.47109678257686])
(1.0, 1, 5, 0, [17.370811419969634, 11.939999812460456, 1.4548418503190963, 185.20983350977741])
(1.0, 1, 6, 0, [17.701174853048606, 12.546163732831065, 1.4108834564885999, 188.63274214626065])
(1.0, 1, 7, 0, [17.892402696708377, 12.617905966532575, 1.4180168043862229, 187.83524623534171])
(1.0, 1, 8, 0, [18.141256776169602, 12.735016743398536, 1.4245177012094234, 188.79450838549675])
(1.0, 1, 9, 0, [18.578280385540591, 12.973879084988289, 1.4319757617470783, 188.6772187241165])
(1.0, 1, 10, 0, [18.841967250215387, 13.118473852385327, 1.4362926253642956, 188.99783527158866])

 END Bacth-----------------
2016-12-29 22:21:06:227659---------------------------------

2016-12-29 22:21:06:233077
('Start PYGMO optimization ', 20120420, 20161223, "['SPY' 'XLF' 'XLE' 'ZIV' 'XLU' 'IEF' 'HYG' 'UGLD' 'SHY']", 'init_pop', 10, 'iteration', 10, 'concen', 189.0)
(1.0, 2, 1, 0, [14.205910756564455, 10.387893561831438, 1.3675448898284515, 186.92746265079893])
(1.0, 2, 2, 0, [16.019497121229541, 11.49607940273405, 1.3934748151982763, 179.35558368254326])
(1.0, 2, 3, 0, [17.158232292448172, 12.487134507982526, 1.3740728332412531, 184.04347482841118])
(1.0, 2, 4, 0, [17.920544071139165, 12.718526349079889, 1.4090110425753539, 185.95823415750891])
(1.0, 2, 5, 0, [18.551748395253398, 13.15407589520291, 1.4103422044279779, 188.00275590829679])
(1.0, 2, 6, 0, [18.787961734648807, 13.345255952628685, 1.4078382461407977, 188.11812778549785])
(1.0, 2, 7, 0, [18.917045512869812, 13.346166664740958, 1.417414152548123, 188.84312209041917])
(1.0, 2, 8, 0, [19.093532510997214, 13.458258175988147, 1.4187224127609148, 188.58589019748808])
(1.0, 2, 9, 0, [19.174993338261093, 13.457833866935836, 1.4248201848717705, 188.56977303863749])
(1.0, 2, 10, 0, [19.234960398442745, 13.496620445288865, 1.4251686543616857, 188.81789947342361])

 END Bacth-----------------
2016-12-29 22:21:15:293408---------------------------------

2016-12-29 22:21:15:297173
('Start PYGMO optimization ', 20120420, 20161223, "['SPY' 'XLF' 'XLE' 'ZIV' 'XLU' 'IEF' 'HYG' 'UGLD' 'SHY']", 'init_pop', 10, 'iteration', 10, 'concen', 189.0)
(1.0, 3, 1, 0, [13.430529501844358, 10.685049609964768, 1.2569459190268226, 183.19500918300079])
(1.0, 3, 2, 0, [15.083920495205771, 11.43113572365638, 1.3195469688974182, 173.25698226919778])
(1.0, 3, 3, 0, [16.672432110461632, 11.911603631388354, 1.3996798941939257, 185.67079182748628])
(1.0, 3, 4, 0, [17.140551868458754, 12.191187075355337, 1.4059789061156012, 187.82195135399354])
(1.0, 3, 5, 0, [17.467667490825356, 12.271030359412686, 1.4234882466431606, 188.48529694475818])
(1.0, 3, 6, 0, [17.970521281153641, 12.333589332910655, 1.4570390497113059, 188.75607713464078])
(1.0, 3, 7, 0, [18.427494183921954, 12.530770332647656, 1.4705795170398248, 186.15347354495938])
(1.0, 3, 8, 0, [18.7515200606599, 12.835217252179804, 1.4609429425493621, 188.93190392895011])
(1.0, 3, 9, 0, [18.885826837355246, 12.982381528750754, 1.4547274547070379, 188.63572024367696])
(1.0, 3, 10, 0, [18.976524580214395, 13.131244519959692, 1.4451428843145664, 188.58326994993607])

 END Bacth-----------------
2016-12-29 22:21:23:972998---------------------------------

2016-12-29 22:21:23:977249
('Start PYGMO optimization ', 20120420, 20161223, "['SPY' 'XLF' 'XLE' 'ZIV' 'XLU' 'IEF' 'HYG' 'UGLD' 'SHY']", 'init_pop', 10, 'iteration', 10, 'concen', 189.0)
(1.0, 4, 1, 0, [13.283447839383156, 10.615967808805522, 1.2512705462770022, 178.20739372619539])
(1.0, 4, 2, 0, [16.020835310791703, 11.913186289369177, 1.3447985217093446, 186.13606532007503])
(1.0, 4, 3, 0, [16.939764289198589, 12.371278177914071, 1.3692816575283584, 188.3112681387625])
(1.0, 4, 4, 0, [17.171399290593349, 12.401180877886182, 1.3846584014602539, 186.31540182827393])
(1.0, 4, 5, 0, [17.517389119889447, 12.45666852665526, 1.4062659757225668, 184.89057167411636])
(1.0, 4, 6, 0, [18.092574440823881, 12.65094441389126, 1.4301362687956709, 188.342912243424])
(1.0, 4, 7, 0, [18.492227803694348, 12.80232516926773, 1.4444429085495625, 186.51274799717996])
(1.0, 4, 8, 0, [18.825328345609883, 13.021233157968945, 1.4457408232559643, 188.91026549604396])
(1.0, 4, 9, 0, [18.968101990343399, 13.235077528188771, 1.4331689368607119, 188.96515087406382])
(1.0, 4, 10, 0, [19.081215847606448, 13.395490004821529, 1.4244507547494283, 188.66245767232346])

 END Bacth-----------------
2016-12-29 22:21:32:707196---------------------------------

 task_6

2016-12-29 22:21:32:713640
('Start PYGMO optimization ', 20120420, 20161223, "['SPY' 'XLF' 'XLE' 'ZIV' 'XLU' 'IEF' 'HYG' 'UGLD' 'SHY']", 'init_pop', 10, 'iteration', 10, 'concen', 216.0)
(1.0, 0, 1, 0, [13.186749103471707, 10.034700628647036, 1.3141148492089749, 211.85267654072334])
(1.0, 0, 2, 0, [15.700834158119402, 11.220347265670426, 1.399318023440985, 201.64908160744778])
(1.0, 0, 3, 0, [17.179881872393832, 12.169501482396228, 1.411716157580108, 197.74145745719943])
(1.0, 0, 4, 0, [18.1511192341002, 12.349163101402015, 1.4698258566233919, 214.37353671946252])
(1.0, 0, 5, 0, [18.874662865787961, 12.849830041981264, 1.4688647868589049, 215.68613464015439])
(1.0, 0, 6, 0, [19.195527902951291, 13.010152334460045, 1.4754268366334202, 215.6093832916159])
(1.0, 0, 7, 0, [19.31036879756023, 12.999790027325439, 1.4854369768257805, 215.32366830776377])
(1.0, 0, 8, 0, [19.39115480286717, 13.034775565352735, 1.487647770047541, 215.42141732216584])
(1.0, 0, 9, 0, [19.436585634828973, 13.031533371095893, 1.4915041140085301, 215.44872537061272])
(1.0, 0, 10, 0, [19.473864893501936, 13.023654824267487, 1.4952688132685703, 215.9184496387193])

 END Bacth-----------------
2016-12-29 22:21:41:674715---------------------------------

2016-12-29 22:21:41:680384
('Start PYGMO optimization ', 20120420, 20161223, "['SPY' 'XLF' 'XLE' 'ZIV' 'XLU' 'IEF' 'HYG' 'UGLD' 'SHY']", 'init_pop', 10, 'iteration', 10, 'concen', 216.0)
(1.0, 1, 1, 0, [15.402424385918213, 10.816420571374435, 1.423985345640183, 204.29679430748581])
(1.0, 1, 2, 0, [17.217254688097384, 12.233428741705737, 1.4073940390400099, 212.32258971984876])
(1.0, 1, 3, 0, [17.78479369811301, 12.504596229992346, 1.422260532927571, 211.91602308279957])
(1.0, 1, 4, 0, [18.259489732273426, 12.740813662541751, 1.4331494216854215, 215.69028045146683])
(1.0, 1, 5, 0, [18.460691362989312, 12.853688741028391, 1.4362173952496315, 215.59988565832472])
(1.0, 1, 6, 0, [18.681935074383517, 12.947774468484402, 1.4428684342514906, 215.13543394449411])
(1.0, 1, 7, 0, [18.801671270398067, 12.996107261299999, 1.4467156120191438, 215.74975579853657])
(1.0, 1, 8, 0, [18.859432810499911, 13.025823679249148, 1.4478495391077664, 215.84363175295431])
(1.0, 1, 9, 0, [18.931158936323243, 13.036453581988173, 1.4521709310942892, 215.95704894556761])
(1.0, 1, 10, 0, [19.188226965211697, 13.037614148559818, 1.4717590769727833, 213.83076835538338])

 END Bacth-----------------
2016-12-29 22:21:51:911172---------------------------------

2016-12-29 22:21:51:915612
('Start PYGMO optimization ', 20120420, 20161223, "['SPY' 'XLF' 'XLE' 'ZIV' 'XLU' 'IEF' 'HYG' 'UGLD' 'SHY']", 'init_pop', 10, 'iteration', 10, 'concen', 216.0)
(1.0, 2, 1, 0, [13.21025402587912, 9.8898397440743349, 1.3357399480405401, 194.56311277707465])
(1.0, 2, 2, 0, [15.748229778296974, 11.377226297581867, 1.3841888494073573, 200.92567151409355])
(1.0, 2, 3, 0, [17.313039780600725, 12.044336964894546, 1.4374423292093861, 211.8347548312978])
(1.0, 2, 4, 0, [18.130993181166843, 12.517844430054154, 1.4484117678948025, 215.56423671904713])
(1.0, 2, 5, 0, [18.431641250926244, 12.629958117732645, 1.4593588576551138, 215.43638450722494])
(1.0, 2, 6, 0, [18.872604146898176, 12.757231613851467, 1.4793651724882693, 213.48654465981363])
(1.0, 2, 7, 0, [19.217907382077158, 13.018536503922215, 1.4761956826934581, 213.29648511658874])
(1.0, 2, 8, 0, [19.356295976839633, 12.985192021811514, 1.4906437998241715, 215.95901660036668])
(1.0, 2, 9, 0, [19.43037446277911, 13.035248662553913, 1.4906025167434158, 215.76663389595484])
(1.0, 2, 10, 0, [19.476291551975322, 13.036262864678946, 1.4940088086705652, 215.82662658744945])

 END Bacth-----------------
2016-12-29 22:22:02:147770---------------------------------

2016-12-29 22:22:02:155203
('Start PYGMO optimization ', 20120420, 20161223, "['SPY' 'XLF' 'XLE' 'ZIV' 'XLU' 'IEF' 'HYG' 'UGLD' 'SHY']", 'init_pop', 10, 'iteration', 10, 'concen', 216.0)
(1.0, 3, 1, 0, [14.991328522275737, 11.483107668849184, 1.3055114481721255, 186.20935769707799])
(1.0, 3, 2, 0, [16.956113861953771, 12.002428684228104, 1.4127235668756857, 213.59053571871297])
(1.0, 3, 3, 0, [17.734433617603209, 12.604505488309137, 1.4069916216905261, 212.63079995396029])
(1.0, 3, 4, 0, [18.291606050092657, 12.757151778698766, 1.4338314983941036, 215.92162313795535])
(1.0, 3, 5, 0, [18.614378704085443, 12.947718288191762, 1.4376570674279838, 214.76566232452649])
(1.0, 3, 6, 0, [18.850525471825243, 13.030254530223953, 1.4466736185468247, 215.45390300008958])
(1.0, 3, 7, 0, [19.034655282144939, 13.037974885175718, 1.4599395573148017, 214.23177360721621])
(1.0, 3, 8, 0, [19.189358731569573, 13.02852181172463, 1.4728730556601348, 213.25116792163666])
(1.0, 3, 9, 0, [19.363226558982817, 13.022643578999963, 1.4868890821989125, 213.28755459188221])
(1.0, 3, 10, 0, [19.458513076232986, 13.028478937290775, 1.4935368257408654, 213.50952127044636])

 END Bacth-----------------
2016-12-29 22:22:11:415949---------------------------------

2016-12-29 22:22:11:420348
('Start PYGMO optimization ', 20120420, 20161223, "['SPY' 'XLF' 'XLE' 'ZIV' 'XLU' 'IEF' 'HYG' 'UGLD' 'SHY']", 'init_pop', 10, 'iteration', 10, 'concen', 216.0)
(1.0, 4, 1, 0, [13.409861014500123, 9.9427911483164575, 1.348701869974481, 165.58851909502641])
(1.0, 4, 2, 0, [16.367054680744886, 11.648998463228736, 1.4050181852464985, 197.54279293277213])
(1.0, 4, 3, 0, [17.519623789988724, 12.284579419725867, 1.4261476271508917, 208.60325454955731])
(1.0, 4, 4, 0, [18.565337616644207, 12.719456280765959, 1.4596015117971859, 213.53558194594166])
(1.0, 4, 5, 0, [18.95952361851776, 12.943980820302436, 1.4647366897191347, 213.22969563178037])
(1.0, 4, 6, 0, [19.128905140278984, 12.985082618083743, 1.473144661678087, 215.76742684001636])
(1.0, 4, 7, 0, [19.232742757303246, 13.004466297473357, 1.4789336461304823, 215.76939376595013])
(1.0, 4, 8, 0, [19.308089659344208, 13.029549319708444, 1.481869340648557, 215.04730676843883])
(1.0, 4, 9, 0, [19.374002752517306, 13.03585629677168, 1.4862086779305217, 215.91770704506894])
(1.0, 4, 10, 0, [19.388495751070312, 13.036085453228502, 1.4872943124401334, 215.9394228119493])

 END Bacth-----------------
2016-12-29 22:22:20:470135---------------------------------

 task_7

2016-12-29 22:22:20:492505
('Start PYGMO optimization ', 20120420, 20161223, "['SPY' 'XLF' 'XLE' 'ZIV' 'XLU' 'IEF' 'HYG' 'UGLD' 'SHY']", 'init_pop', 10, 'iteration', 10, 'concen', 216.0)
(1.0, 0, 1, 0, [14.596332953412873, 10.781077253588748, 1.3538844597884798, 198.32416859449526])
(1.0, 0, 2, 0, [15.931253856574923, 11.358174525447454, 1.4026244992874251, 206.05297485434323])
(1.0, 0, 3, 0, [17.474830141392594, 11.934406916485251, 1.4642395104908177, 211.27960943310603])
(1.0, 0, 4, 0, [18.296678317612148, 12.498327692076705, 1.4639301167636449, 212.79770972853802])
(1.0, 0, 5, 0, [18.907619648607145, 13.052197369786207, 1.4486158240585085, 209.86035068404146])
(1.0, 0, 6, 0, [19.301781876666467, 13.286921589294382, 1.4526902824668144, 215.390290039864])
(1.0, 0, 7, 0, [19.585037242874105, 13.399747879632152, 1.4615974433850132, 215.99435554464355])
(1.0, 0, 8, 0, [19.643949596430808, 13.426958360843797, 1.4630230517223646, 215.81432082299364])
(1.0, 0, 9, 0, [19.712256168525943, 13.449471873904972, 1.4656528043136172, 215.98403450690989])
(1.0, 0, 10, 0, [19.743437616746217, 13.455424028067325, 1.4673218454923767, 215.94528403752733])

 END Bacth-----------------
2016-12-29 22:22:31:335489---------------------------------

2016-12-29 22:22:31:344085
('Start PYGMO optimization ', 20120420, 20161223, "['SPY' 'XLF' 'XLE' 'ZIV' 'XLU' 'IEF' 'HYG' 'UGLD' 'SHY']", 'init_pop', 10, 'iteration', 10, 'concen', 216.0)
(1.0, 1, 1, 0, [13.390931790484339, 10.49879641636066, 1.2754730408541648, 207.77202086510388])
(1.0, 1, 2, 0, [16.203595272406247, 11.768445157525525, 1.3768679766540437, 195.11699583446352])
(1.0, 1, 3, 0, [17.702396482841245, 12.414038033542639, 1.4259982477103339, 204.5599270255824])
(1.0, 1, 4, 0, [18.170117145862118, 12.598432102988982, 1.4422522578465342, 209.09425787465611])
(1.0, 1, 5, 0, [18.807275826498614, 13.042203191411266, 1.4420321130162919, 208.85573409435642])
(1.0, 1, 6, 0, [19.265572402123897, 13.311147122852329, 1.4473262314897806, 215.77954809060253])
(1.0, 1, 7, 0, [19.416994768593, 13.340439231749169, 1.4554989105892495, 214.16801996931284])
(1.0, 1, 8, 0, [19.568907477761876, 13.395278589509751, 1.4608809624226018, 215.28253920533064])
(1.0, 1, 9, 0, [19.669049150317463, 13.522572783631121, 1.4545345375494347, 213.55466840668296])
(1.0, 1, 10, 0, [19.755053621273323, 13.622777727698651, 1.4501487153465153, 215.71535646412067])

 END Bacth-----------------
2016-12-29 22:22:43:455077---------------------------------

2016-12-29 22:22:43:459921
('Start PYGMO optimization ', 20120420, 20161223, "['SPY' 'XLF' 'XLE' 'ZIV' 'XLU' 'IEF' 'HYG' 'UGLD' 'SHY']", 'init_pop', 10, 'iteration', 10, 'concen', 216.0)
(1.0, 2, 1, 0, [15.278728142439647, 10.855537578553914, 1.407459375630014, 173.02092732536138])
(1.0, 2, 2, 0, [16.348767518460484, 11.606264480103356, 1.4086157993803441, 203.71991216774313])
(1.0, 2, 3, 0, [17.603512371566922, 12.169911746375377, 1.4464782274867243, 215.69449480860428])
(1.0, 2, 4, 0, [18.11292649128886, 12.379763619745868, 1.4631076204394187, 214.11873561902493])
(1.0, 2, 5, 0, [18.699104302607459, 13.017673101530061, 1.436439842725012, 210.58229855660397])
(1.0, 2, 6, 0, [19.071432184681214, 13.15405224034285, 1.4498522460014291, 215.5912160463873])
(1.0, 2, 7, 0, [19.468138322320371, 13.240507797001072, 1.47034680397453, 215.51464331934716])
(1.0, 2, 8, 0, [19.574925679733781, 13.27803179719845, 1.4742339812639942, 214.85357539106519])
(1.0, 2, 9, 0, [19.708936003648535, 13.413160185285619, 1.4693730434435168, 215.96837308236445])
(1.0, 2, 10, 0, [19.758358573797665, 13.446234114934393, 1.4694343713569995, 215.62714509333878])

 END Bacth-----------------
2016-12-29 22:22:53:898685---------------------------------

2016-12-29 22:22:53:903311
('Start PYGMO optimization ', 20120420, 20161223, "['SPY' 'XLF' 'XLE' 'ZIV' 'XLU' 'IEF' 'HYG' 'UGLD' 'SHY']", 'init_pop', 10, 'iteration', 10, 'concen', 216.0)
(1.0, 3, 1, 0, [15.178222421674548, 11.364597559167857, 1.3355706035916977, 210.13010736402524])
(1.0, 3, 2, 0, [16.918987440477284, 12.201028236354269, 1.3866853770623488, 205.73035002978406])
(1.0, 3, 3, 0, [17.313445351059631, 12.381369932586752, 1.3983465032808737, 215.66726941219017])
(1.0, 3, 4, 0, [17.574590327413976, 12.508286388161554, 1.405035812423308, 215.45763101659378])
(1.0, 3, 5, 0, [18.150467172820427, 12.621256086088433, 1.4380872275324859, 211.61121987761069])
(1.0, 3, 6, 0, [18.468421054981409, 12.771471839606996, 1.4460683378486563, 215.05936456892297])
(1.0, 3, 7, 0, [19.342345160208541, 13.219604292852663, 1.4631561377874382, 213.81930354668762])
(1.0, 3, 8, 0, [19.724028046671481, 13.51182312816305, 1.4597606747501135, 214.16196728264882])
(1.0, 3, 9, 0, [19.818695861977108, 13.541452318815731, 1.4635576299625708, 215.82943612123336])
(1.0, 3, 10, 0, [19.849484685281048, 13.551255779881441, 1.4647708675641802, 215.94629102297694])

 END Bacth-----------------
2016-12-29 22:23:03:396526---------------------------------

2016-12-29 22:23:03:400779
('Start PYGMO optimization ', 20120420, 20161223, "['SPY' 'XLF' 'XLE' 'ZIV' 'XLU' 'IEF' 'HYG' 'UGLD' 'SHY']", 'init_pop', 10, 'iteration', 10, 'concen', 216.0)
(1.0, 4, 1, 0, [13.871982613560064, 11.013139562125907, 1.2595847474107831, 201.16853136578735])
(1.0, 4, 2, 0, [15.878661590168107, 11.77981944914203, 1.3479545810292204, 202.34045725507102])
(1.0, 4, 3, 0, [17.378884549377659, 12.236426256003842, 1.4202581853382767, 208.19715217486782])
(1.0, 4, 4, 0, [18.197781868435946, 12.563465784535484, 1.4484682953358146, 210.38976940082881])
(1.0, 4, 5, 0, [19.135702218179638, 13.231011849116129, 1.4462765536301718, 213.94920433359923])
(1.0, 4, 6, 0, [19.488350551282085, 13.362544698474323, 1.4584310841263026, 215.64280370040771])
(1.0, 4, 7, 0, [19.59589343139929, 13.418688030395662, 1.4603434692729413, 215.8052679178528])
(1.0, 4, 8, 0, [19.731278059601397, 13.454013607036305, 1.4665718822584028, 215.48985665003508])
(1.0, 4, 9, 0, [19.796245608586926, 13.489837414166942, 1.4674932692514913, 215.92911914088998])
(1.0, 4, 10, 0, [19.819847884273223, 13.496947178043431, 1.4684689524839931, 215.91350720402076])

 END Bacth-----------------
2016-12-29 22:23:15:747578---------------------------------

 task_8

2016-12-29 22:23:15:769970
('Start PYGMO optimization ', 20120420, 20161223, "['SPY' 'XLF' 'XLE' 'ZIV' 'XLU' 'IEF' 'HYG' 'UGLD' 'SHY']", 'init_pop', 10, 'iteration', 10, 'concen', 216.0)
(1.0, 0, 1, 0, [12.518767222649974, 9.7766756327663451, 1.2804728000480614, 191.41693435621946])
(1.0, 0, 2, 0, [15.122840421448714, 10.825375414335529, 1.3969806905192641, 199.43762471832477])
(1.0, 0, 3, 0, [17.321603880484361, 12.182758553030556, 1.4218129502513595, 213.83639002584206])
(1.0, 0, 4, 0, [17.798347696387438, 12.382226682049515, 1.4374109078611574, 211.54908930497922])
(1.0, 0, 5, 0, [18.100841335010131, 12.799114022014718, 1.4142261178294326, 213.78620283352171])
(1.0, 0, 6, 0, [18.411972185836788, 13.034710514487571, 1.4125340309915284, 215.3379653176957])
(1.0, 0, 7, 0, [18.792896970628203, 13.155359171361111, 1.4285354528016134, 215.22077908330272])
(1.0, 0, 8, 0, [19.389011624134312, 13.321741543301263, 1.455441209477895, 215.20945449804225])
(1.0, 0, 9, 0, [19.507596441036835, 13.438135282221687, 1.4516594774012204, 215.9004489515961])
(1.0, 0, 10, 0, [19.621090774817439, 13.491561262093743, 1.4543232168352072, 215.92573431634497])

 END Bacth-----------------
2016-12-29 22:23:25:206249---------------------------------

2016-12-29 22:23:25:210680
('Start PYGMO optimization ', 20120420, 20161223, "['SPY' 'XLF' 'XLE' 'ZIV' 'XLU' 'IEF' 'HYG' 'UGLD' 'SHY']", 'init_pop', 10, 'iteration', 10, 'concen', 216.0)
(1.0, 1, 1, 0, [15.645664423284501, 10.958258808360222, 1.4277509499363334, 181.06774533683375])
(1.0, 1, 2, 0, [17.178819536970114, 11.715228375322114, 1.4663665945392017, 214.92786289826239])
(1.0, 1, 3, 0, [18.230681917487047, 12.456962733977244, 1.4634933335524538, 213.48472899774501])
(1.0, 1, 4, 0, [18.57312135364424, 12.752970782183334, 1.4563760609874528, 214.26500037113456])
(1.0, 1, 5, 0, [18.891576143729182, 12.938733876655595, 1.4600791950604892, 214.97023074641874])
(1.0, 1, 6, 0, [19.246997140853004, 13.070980807101822, 1.4724983094149739, 215.96459845640399])
(1.0, 1, 7, 0, [19.537603339900489, 13.315631197262267, 1.467268284204017, 215.93341233393969])
(1.0, 1, 8, 0, [19.646719752012064, 13.351030695340595, 1.4715507888741963, 215.86829376977659])
(1.0, 1, 9, 0, [19.722630490292481, 13.38246504750153, 1.4737666356897861, 215.92202130599824])
(1.0, 1, 10, 0, [19.742217130477101, 13.41563359659054, 1.4715829102171072, 215.99734981686134])

 END Bacth-----------------
2016-12-29 22:23:34:227887---------------------------------

2016-12-29 22:23:34:232750
