

/media/sf_project27//linux/batch/task/elvis_prod_20161220/pygmo_batch_generic.py
 task_0

2016-12-29 22:17:10:692121
('Start PYGMO optimization ', 20120420, 20161223, "['SPY' 'XLF' 'XLE' 'ZIV' 'XLU' 'IEF' 'HYG' 'UGLD' 'SHY']", 'init_pop', 10, 'iteration', 10, 'concen', 135.0)
(1.0, 0, 1, 0, [13.957858362381081, 12.019939933601172, 1.1612253005826219, 108.83654173800892])
(1.0, 0, 2, 0, [17.502418721384206, 12.751597321871156, 1.3725667678797058, 125.30352274719758])
(1.0, 0, 3, 0, [18.399593068713283, 13.025740887238941, 1.4125563549892965, 134.95341455065082])
(1.0, 0, 4, 0, [18.61954203758598, 13.033842676809156, 1.4285535355367869, 133.07869405049121])
(1.0, 0, 5, 0, [18.790031266716987, 13.03814490448239, 1.4411583399611669, 127.85166578455143])
(1.0, 0, 6, 0, [19.313020926578716, 13.031379614505511, 1.482039622656758, 132.72036089181776])
(1.0, 0, 7, 0, [19.498065027332601, 13.032370161770482, 1.4961257841285669, 134.00672133010664])
(1.0, 0, 8, 0, [19.556015895409296, 13.03449318546078, 1.5003280616405474, 134.53718517647829])
(1.0, 0, 9, 0, [19.608655656154262, 13.030186522501284, 1.5048637732309431, 134.9014317602136])
(1.0, 0, 10, 0, [19.631805619065055, 13.02484643784296, 1.5072581249039487, 134.84185484110256])

 END Bacth-----------------
2016-12-29 22:17:18:820514---------------------------------

2016-12-29 22:17:18:824169
('Start PYGMO optimization ', 20120420, 20161223, "['SPY' 'XLF' 'XLE' 'ZIV' 'XLU' 'IEF' 'HYG' 'UGLD' 'SHY']", 'init_pop', 10, 'iteration', 10, 'concen', 135.0)
(1.0, 1, 1, 0, [15.996260298734732, 12.420554947488901, 1.2878861183226553, 114.19962942446395])
(1.0, 1, 2, 0, [17.54790578123815, 12.7542200544802, 1.3758509502173801, 134.29804498230993])
(1.0, 1, 3, 0, [18.548140738241024, 13.032359812769206, 1.4232373111788561, 129.46517921339762])
(1.0, 1, 4, 0, [18.901770616349811, 12.938189814874237, 1.4609285291687106, 131.16063777177499])
(1.0, 1, 5, 0, [19.330801920426378, 13.026809791227858, 1.4839244780747143, 134.54983957441021])
(1.0, 1, 6, 0, [19.401475180207562, 13.026497842760831, 1.4893853600865925, 134.93113162578544])
(1.0, 1, 7, 0, [19.500911229901185, 13.02594047512069, 1.4970827839377565, 134.9222136197782])
(1.0, 1, 8, 0, [19.551401827037051, 13.034809569214071, 1.4999376648519689, 134.95548551289659])
(1.0, 1, 9, 0, [19.628722723975798, 13.028719921177625, 1.5065733888461408, 134.32957007635898])
(1.0, 1, 10, 0, [19.726854559382147, 13.032387902915527, 1.5136792049420946, 134.48262192177606])

 END Bacth-----------------
2016-12-29 22:17:26:809827---------------------------------

2016-12-29 22:17:26:814421
('Start PYGMO optimization ', 20120420, 20161223, "['SPY' 'XLF' 'XLE' 'ZIV' 'XLU' 'IEF' 'HYG' 'UGLD' 'SHY']", 'init_pop', 10, 'iteration', 10, 'concen', 135.0)
(1.0, 2, 1, 0, [15.957800557057444, 12.361558248072942, 1.2909214386094992, 118.28005615412347])
(1.0, 2, 2, 0, [17.73175481573346, 12.593980554011624, 1.4079547558206504, 134.4013783959804])
(1.0, 2, 3, 0, [18.382505035002183, 13.00872269385523, 1.4130906982655032, 133.17913769582509])
(1.0, 2, 4, 0, [18.640619803299852, 13.022435120545692, 1.4314235110981866, 133.24347609844597])
(1.0, 2, 5, 0, [19.006278342670946, 13.01851876277717, 1.4599416945201251, 134.02752817349705])
(1.0, 2, 6, 0, [19.1521797522344, 13.037674764138718, 1.4689873845383972, 133.53569168112392])
(1.0, 2, 7, 0, [19.291365754045486, 13.035411289716819, 1.4799199906537488, 134.85062029377923])
(1.0, 2, 8, 0, [19.385549267493694, 13.031623555249869, 1.4875774446142676, 134.98163887265494])
(1.0, 2, 9, 0, [19.555690498044576, 13.036821710747839, 1.5000351260401481, 134.73221899847047])
(1.0, 2, 10, 0, [19.68591197604097, 13.03209221716479, 1.5105718750295767, 134.97568135176317])

 END Bacth-----------------
2016-12-29 22:17:35:188447---------------------------------

2016-12-29 22:17:35:194332
('Start PYGMO optimization ', 20120420, 20161223, "['SPY' 'XLF' 'XLE' 'ZIV' 'XLU' 'IEF' 'HYG' 'UGLD' 'SHY']", 'init_pop', 10, 'iteration', 10, 'concen', 135.0)
(1.0, 3, 1, 0, [14.373796270624183, 11.594219721047052, 1.239738129555312, 125.11194128575511])
(1.0, 3, 2, 0, [15.966319489568326, 12.149778503607642, 1.3141243262029374, 124.13777525012431])
(1.0, 3, 3, 0, [17.829627698614047, 13.029499053130818, 1.3684046965972818, 129.9937439416467])
(1.0, 3, 4, 0, [18.695252277402563, 12.993917708315786, 1.4387694840823921, 127.70106051958132])
(1.0, 3, 5, 0, [19.06822312279548, 13.038662354546183, 1.462437066341163, 134.6428117753384])
(1.0, 3, 6, 0, [19.176390550401102, 13.037528399692103, 1.470860884249654, 131.11486501786064])
(1.0, 3, 7, 0, [19.317775558251071, 13.028897332628068, 1.4826869124122932, 132.71411723417395])
(1.0, 3, 8, 0, [19.416612182928962, 13.036639864011137, 1.4893877859225315, 133.72306314077969])
(1.0, 3, 9, 0, [19.537100407612961, 13.02226510123902, 1.5002843403759367, 134.50464216419272])
(1.0, 3, 10, 0, [19.561843396307932, 13.03469720862879, 1.5007516540820189, 134.25696519755911])

 END Bacth-----------------
2016-12-29 22:17:43:962535---------------------------------

2016-12-29 22:17:43:968159
('Start PYGMO optimization ', 20120420, 20161223, "['SPY' 'XLF' 'XLE' 'ZIV' 'XLU' 'IEF' 'HYG' 'UGLD' 'SHY']", 'init_pop', 10, 'iteration', 10, 'concen', 135.0)
(1.0, 4, 1, 0, [13.645534334377407, 10.047616182239263, 1.3580867428532977, 133.72851722532096])
(1.0, 4, 2, 0, [17.462194234413285, 12.496283025110353, 1.3973910641527807, 131.01798943141873])
(1.0, 4, 3, 0, [18.524872302535567, 12.983518440462339, 1.4267990905149361, 133.20990278698051])
(1.0, 4, 4, 0, [19.056130563424389, 12.880937661387632, 1.4794055420784886, 132.22762793259065])
(1.0, 4, 5, 0, [19.26769438352953, 13.005878196933129, 1.4814604667044307, 134.19347505376362])
(1.0, 4, 6, 0, [19.393127678658082, 13.031480147660762, 1.4881753614257918, 134.65006277221141])
(1.0, 4, 7, 0, [19.43339920488587, 13.03245738906695, 1.4911538649026184, 134.72692688834292])
(1.0, 4, 8, 0, [19.494818356191445, 13.018427100194444, 1.4974787818952622, 134.90793163403231])
(1.0, 4, 9, 0, [19.573542860997261, 13.034882012223001, 1.5016279274828006, 133.94641549412981])
(1.0, 4, 10, 0, [19.614011605039529, 13.027028598683405, 1.5056397133435206, 134.03516825552725])

 END Bacth-----------------
2016-12-29 22:17:52:732648---------------------------------

 task_1

2016-12-29 22:17:52:738274
('Start PYGMO optimization ', 20120420, 20161223, "['SPY' 'XLF' 'XLE' 'ZIV' 'XLU' 'IEF' 'HYG' 'UGLD' 'SHY']", 'init_pop', 10, 'iteration', 10, 'concen', 135.0)
(1.0, 0, 1, 0, [17.31413168932907, 13.303525822627064, 1.3014693939166593, 129.1417673231781])
(1.0, 0, 2, 0, [19.118055273369293, 14.207552480075265, 1.3456262294424421, 133.88531569574042])
(1.0, 0, 3, 0, [19.379940104876027, 14.276494569717284, 1.3574718927140532, 134.65595791122317])
(1.0, 0, 4, 0, [19.581357790613406, 14.342944028480586, 1.3652258386932958, 134.96379251934803])
(1.0, 0, 5, 0, [19.670456916184833, 14.501839637212058, 1.3564111456390664, 134.63315532472194])
(1.0, 0, 6, 0, [19.938918894519798, 14.526130221635169, 1.372624270214984, 134.83945263699732])
(1.0, 0, 7, 0, [20.030640446528025, 14.497969110734902, 1.3816169901821975, 134.63821976920053])
(1.0, 0, 8, 0, [20.172562743557055, 14.500285808591931, 1.3911838021567891, 134.95536365698234])
(1.0, 0, 9, 0, [20.369946835723663, 14.511177393220359, 1.4037418387043168, 134.72755178030849])
(1.0, 0, 10, 0, [20.535506213472267, 14.537345582160652, 1.4126035662708736, 134.49160703729751])

 END Bacth-----------------
2016-12-29 22:18:01:418283---------------------------------

2016-12-29 22:18:01:422011
('Start PYGMO optimization ', 20120420, 20161223, "['SPY' 'XLF' 'XLE' 'ZIV' 'XLU' 'IEF' 'HYG' 'UGLD' 'SHY']", 'init_pop', 10, 'iteration', 10, 'concen', 135.0)
(1.0, 1, 1, 0, [14.167457382102565, 12.806915690547935, 1.1062349221646528, 113.18382255036003])
(1.0, 1, 2, 0, [18.114948540438668, 13.898185349650838, 1.3034038678217634, 132.3585335605886])
(1.0, 1, 3, 0, [18.998840446325872, 14.15702126370293, 1.3420083287602911, 134.03798009749184])
(1.0, 1, 4, 0, [19.33130272755481, 14.439671708119439, 1.3387633125124863, 132.84883672372337])
(1.0, 1, 5, 0, [19.751740444619269, 14.536266329170461, 1.3587904897547678, 132.4643657917394])
(1.0, 1, 6, 0, [19.887889296087891, 14.409695086709643, 1.3801741935837977, 134.72501675977608])
(1.0, 1, 7, 0, [20.074334871346935, 14.401776622304885, 1.393879060744257, 134.25247895783573])
(1.0, 1, 8, 0, [20.186186084377301, 14.515290382013122, 1.3906842752103237, 134.39848606597531])
(1.0, 1, 9, 0, [20.485767235827868, 14.583113301088602, 1.4047595196492537, 134.27241998634977])
(1.0, 1, 10, 0, [20.668272057064897, 14.57500559780337, 1.4180627182866987, 133.33601549748883])

 END Bacth-----------------
2016-12-29 22:18:10:453278---------------------------------

2016-12-29 22:18:10:461463
('Start PYGMO optimization ', 20120420, 20161223, "['SPY' 'XLF' 'XLE' 'ZIV' 'XLU' 'IEF' 'HYG' 'UGLD' 'SHY']", 'init_pop', 10, 'iteration', 10, 'concen', 135.0)
(1.0, 2, 1, 0, [14.805175546553674, 11.636702371284304, 1.2722827373404477, 129.13905750692894])
(1.0, 2, 2, 0, [16.471786684588487, 12.76505693724474, 1.2903809803251705, 130.00894206089487])
(1.0, 2, 3, 0, [18.517180718458583, 13.319927511220486, 1.3901862981506479, 132.44116575482465])
(1.0, 2, 4, 0, [19.710415770002008, 14.06399409123456, 1.401480663468609, 132.89458565506283])
(1.0, 2, 5, 0, [20.00211766577884, 14.259705532790393, 1.4027020137115518, 134.09255972247422])
(1.0, 2, 6, 0, [20.356234577302089, 14.250261329911829, 1.4284814927971599, 134.77675118409368])
(1.0, 2, 7, 0, [20.458868701523357, 14.455334182336019, 1.4153162039327654, 134.95520958187291])
(1.0, 2, 8, 0, [20.506631386849826, 14.474660203004241, 1.4167262719295919, 134.79924340260828])
(1.0, 2, 9, 0, [20.575391371495822, 14.491637000382852, 1.4198113968043946, 134.69739676342965])
(1.0, 2, 10, 0, [20.610241230000923, 14.469018518880164, 1.4244394810268073, 134.918890050691])

 END Bacth-----------------
2016-12-29 22:18:18:604378---------------------------------

2016-12-29 22:18:18:610485
('Start PYGMO optimization ', 20120420, 20161223, "['SPY' 'XLF' 'XLE' 'ZIV' 'XLU' 'IEF' 'HYG' 'UGLD' 'SHY']", 'init_pop', 10, 'iteration', 10, 'concen', 135.0)
(1.0, 3, 1, 0, [16.318965783483975, 12.046641096107171, 1.3546486239020925, 128.68195379802916])
(1.0, 3, 2, 0, [18.071835576282027, 12.982977335538489, 1.3919638854189271, 131.23663973783337])
(1.0, 3, 3, 0, [19.554068753704534, 13.538912378216891, 1.4442865281531465, 134.22919043893876])
(1.0, 3, 4, 0, [20.264180631037675, 14.554161230805111, 1.3923289916664403, 134.72635475344049])
(1.0, 3, 5, 0, [20.560715577644515, 14.738333535938402, 1.3950502292208709, 134.40382870417284])
(1.0, 3, 6, 0, [20.724495409531272, 14.703287382332206, 1.4095144079435109, 134.25156204332262])
(1.0, 3, 7, 0, [20.864460236791626, 14.720840766924754, 1.4173416156820711, 134.68369545636546])
(1.0, 3, 8, 0, [21.013015744512529, 14.741078978134, 1.425473384660779, 134.83927385314138])
(1.0, 3, 9, 0, [21.059929777865971, 14.753527348240064, 1.4274504856208636, 134.95991956242352])
(1.0, 3, 10, 0, [21.127999821137355, 14.766593701565164, 1.4307971254669194, 134.70482976677403])

 END Bacth-----------------
2016-12-29 22:18:27:376486---------------------------------

2016-12-29 22:18:27:381687
('Start PYGMO optimization ', 20120420, 20161223, "['SPY' 'XLF' 'XLE' 'ZIV' 'XLU' 'IEF' 'HYG' 'UGLD' 'SHY']", 'init_pop', 10, 'iteration', 10, 'concen', 135.0)
(1.0, 4, 1, 0, [14.192258476203268, 11.418796757278091, 1.2428856365411207, 111.17149595511901])
(1.0, 4, 2, 0, [17.039898667743557, 13.596105394553348, 1.2532926285324184, 125.58826600268506])
(1.0, 4, 3, 0, [18.982796329725993, 13.771410084022012, 1.3784206710793097, 134.64589607311567])
(1.0, 4, 4, 0, [19.781397162926329, 14.439469163380183, 1.3699532122062883, 134.72073495347999])
(1.0, 4, 5, 0, [20.236156343812638, 14.792157213145202, 1.3680328063191196, 134.39528508467612])
(1.0, 4, 6, 0, [20.530887230253914, 14.860438445134324, 1.3815801805616466, 134.27741155907239])
(1.0, 4, 7, 0, [20.696453246782866, 15.011615177342785, 1.378695963244533, 133.93814843854108])
(1.0, 4, 8, 0, [20.82843390087783, 14.941681062007039, 1.3939819632370103, 134.26311872446081])
(1.0, 4, 9, 0, [20.934226217003292, 15.025741564084283, 1.3932241631948428, 134.00040913477284])
(1.0, 4, 10, 0, [21.012142774290222, 15.02907837778136, 1.3980992211308236, 134.72156717170677])

 END Bacth-----------------
2016-12-29 22:18:36:791094---------------------------------

 task_2

2016-12-29 22:18:36:795920
('Start PYGMO optimization ', 20120420, 20161223, "['SPY' 'XLF' 'XLE' 'ZIV' 'XLU' 'IEF' 'HYG' 'UGLD' 'SHY']", 'init_pop', 10, 'iteration', 10, 'concen', 135.0)
(1.0, 0, 1, 0, [16.194909485896748, 12.735340519295594, 1.2716510768879312, 127.09897617001226])
(1.0, 0, 2, 0, [19.230319209857715, 14.312132094824955, 1.3436376273253585, 134.69046254631593])
(1.0, 0, 3, 0, [19.825347639264113, 14.600662250394889, 1.3578389321845945, 134.62520434008013])
(1.0, 0, 4, 0, [20.461423943415479, 14.676195175420856, 1.394191321309457, 132.1898695078651])
(1.0, 0, 5, 0, [20.717434134855605, 14.588414946599329, 1.4201292059960906, 133.28066348407566])
(1.0, 0, 6, 0, [20.932547091736488, 14.663412680416462, 1.4275358368446309, 134.79889670814487])
(1.0, 0, 7, 0, [21.034824896700698, 14.729922754758665, 1.4280336188392546, 134.69992162093121])
(1.0, 0, 8, 0, [21.156067283808678, 14.799485784477238, 1.4295136731033371, 134.91733234554141])
(1.0, 0, 9, 0, [21.23312984223724, 14.859965347933143, 1.4288815178960383, 134.9794943353545])
(1.0, 0, 10, 0, [21.2589959062907, 14.909001872835498, 1.4259167775023907, 134.96608167130475])

 END Bacth-----------------
2016-12-29 22:18:45:545075---------------------------------

2016-12-29 22:18:45:553259
('Start PYGMO optimization ', 20120420, 20161223, "['SPY' 'XLF' 'XLE' 'ZIV' 'XLU' 'IEF' 'HYG' 'UGLD' 'SHY']", 'init_pop', 10, 'iteration', 10, 'concen', 135.0)
(1.0, 1, 1, 0, [14.741897381682056, 11.684732825419774, 1.2616375232484149, 127.72733200208228])
(1.0, 1, 2, 0, [17.002025031188815, 12.634127286818048, 1.3457221575508473, 130.61120168993722])
(1.0, 1, 3, 0, [18.884281992825123, 14.035989693782183, 1.3454186277431288, 133.1388806525411])
(1.0, 1, 4, 0, [19.849933004245734, 14.574464492879521, 1.361966541820016, 128.35830783426965])
(1.0, 1, 5, 0, [20.398560714767576, 14.788317733671871, 1.3793699244317432, 133.67260492696334])
(1.0, 1, 6, 0, [20.676167068798378, 14.909185198000955, 1.3868073133581218, 132.88245105473203])
(1.0, 1, 7, 0, [20.775895355266115, 14.952685007220746, 1.389442454330664, 134.66561333170063])
(1.0, 1, 8, 0, [20.90611113808194, 15.018557878770109, 1.3920185484409486, 134.90870513655659])
(1.0, 1, 9, 0, [21.011290024511275, 15.040210946296636, 1.3970076682790744, 134.96139012423424])
(1.0, 1, 10, 0, [21.050114561102305, 15.056634811321368, 1.3980623708343067, 134.95933981340241])

 END Bacth-----------------
2016-12-29 22:18:53:724706---------------------------------

2016-12-29 22:18:53:729485
('Start PYGMO optimization ', 20120420, 20161223, "['SPY' 'XLF' 'XLE' 'ZIV' 'XLU' 'IEF' 'HYG' 'UGLD' 'SHY']", 'init_pop', 10, 'iteration', 10, 'concen', 135.0)
(1.0, 2, 1, 0, [13.79499683806602, 11.008375325467146, 1.2531364920082448, 134.99001557552194])
(1.0, 2, 2, 0, [17.389459752366388, 12.681071835033933, 1.3712925830389679, 131.78704643605647])
(1.0, 2, 3, 0, [18.495508228890234, 13.505168720342695, 1.3695133035273113, 134.30790414069031])
(1.0, 2, 4, 0, [19.219767855176251, 14.642093737788267, 1.3126379464143121, 131.33952930772222])
(1.0, 2, 5, 0, [19.890243405673115, 14.662868618635102, 1.3565042368581628, 132.92294159505488])
(1.0, 2, 6, 0, [20.256719155597391, 14.675427870897693, 1.3803154043479546, 134.61240291697939])
(1.0, 2, 7, 0, [20.499078436821392, 14.948820394458604, 1.3712840141166069, 134.47926369870333])
(1.0, 2, 8, 0, [20.631046871963509, 14.942112763203117, 1.3807315738354036, 134.70268689394186])
(1.0, 2, 9, 0, [20.679272908387468, 14.946565790609226, 1.383546775767049, 134.98605736651999])
(1.0, 2, 10, 0, [20.752641177138464, 14.949992788460278, 1.3881372031936485, 134.99907462646726])

 END Bacth-----------------
2016-12-29 22:19:02:430183---------------------------------

2016-12-29 22:19:02:435127
('Start PYGMO optimization ', 20120420, 20161223, "['SPY' 'XLF' 'XLE' 'ZIV' 'XLU' 'IEF' 'HYG' 'UGLD' 'SHY']", 'init_pop', 10, 'iteration', 10, 'concen', 135.0)
(1.0, 3, 1, 0, [15.987742052722599, 12.316270279275567, 1.2980993182347558, 129.3903289664978])
(1.0, 3, 2, 0, [17.54791985826467, 13.247969426920939, 1.3245743021270782, 125.18201259435291])
(1.0, 3, 3, 0, [20.072431460215444, 14.190840321443563, 1.4144639080945969, 134.84683656198337])
(1.0, 3, 4, 0, [20.5758862637494, 14.499725484094284, 1.4190535045867221, 130.84266061202365])
(1.0, 3, 5, 0, [20.885141140105269, 14.554343077541814, 1.434976558463311, 134.60850007787099])
(1.0, 3, 6, 0, [20.969120958999454, 14.629336376072684, 1.4333610506964578, 134.81712201840682])
(1.0, 3, 7, 0, [21.074414767339491, 14.663587135009395, 1.4371936807347916, 134.84888966246226])
(1.0, 3, 8, 0, [21.118323408392992, 14.683875612796271, 1.4381981954402705, 134.90075894313409])
(1.0, 3, 9, 0, [21.159009757091351, 14.698844703927369, 1.4395015515360807, 134.96143465720996])
(1.0, 3, 10, 0, [21.202929208918153, 14.688792866831038, 1.4434766288247398, 134.90914256008324])

 END Bacth-----------------
2016-12-29 22:19:10:607874---------------------------------

2016-12-29 22:19:10:612369
('Start PYGMO optimization ', 20120420, 20161223, "['SPY' 'XLF' 'XLE' 'ZIV' 'XLU' 'IEF' 'HYG' 'UGLD' 'SHY']", 'init_pop', 10, 'iteration', 10, 'concen', 135.0)
(1.0, 4, 1, 0, [15.651757660477973, 13.280108989597384, 1.1785865366570678, 110.56292179626432])
(1.0, 4, 2, 0, [18.437069431791684, 14.255064744932563, 1.2933697434342244, 134.6731198275447])
(1.0, 4, 3, 0, [19.170271279333484, 14.373522370393136, 1.3337211843647168, 134.60742552152354])
(1.0, 4, 4, 0, [20.150842946458436, 14.641144586528398, 1.3763160951910562, 134.75498105160412])
(1.0, 4, 5, 0, [20.433920826439198, 14.594223693172573, 1.4001375651106771, 134.43771876144061])
(1.0, 4, 6, 0, [20.612953752935415, 14.631140059152187, 1.4088412570448627, 134.87307194720236])
(1.0, 4, 7, 0, [20.732894971067427, 14.69315423165442, 1.4110581461400031, 134.41781657021423])
(1.0, 4, 8, 0, [20.917390504685706, 14.760412390945993, 1.4171277841475751, 134.38970365150081])
(1.0, 4, 9, 0, [20.949676742516687, 14.737882615168527, 1.4214848421275155, 133.84043694145223])
(1.0, 4, 10, 0, [21.015270177943847, 14.792087726993778, 1.4207102179088291, 134.74692131040902])

 END Bacth-----------------
2016-12-29 22:19:19:016168---------------------------------

 task_3

2016-12-29 22:19:19:021531
('Start PYGMO optimization ', 20120420, 20161223, "['SPY' 'XLF' 'XLE' 'ZIV' 'XLU' 'IEF' 'HYG' 'UGLD' 'SHY']", 'init_pop', 10, 'iteration', 10, 'concen', 189.0)
(1.0, 0, 1, 0, [17.350718813061384, 13.081916744592858, 1.3263131964383541, 171.80383620171736])
(1.0, 0, 2, 0, [18.785063083479734, 12.886354624341148, 1.4577484192462362, 188.78400361613603])
(1.0, 0, 3, 0, [19.388937168734, 13.032794470822791, 1.4877037470468089, 182.99230464448036])
(1.0, 0, 4, 0, [19.786879766599895, 12.998413610155755, 1.5222534349222636, 180.60788581294548])
(1.0, 0, 5, 0, [20.343515991538965, 13.036673867872469, 1.5604836170423384, 182.64896120648544])
(1.0, 0, 6, 0, [20.589873498517306, 13.02836066299048, 1.5803886637101423, 187.74645761368481])
(1.0, 0, 7, 0, [20.625220061095373, 13.015094721783626, 1.584715324935325, 188.99978574486792])
(1.0, 0, 8, 0, [20.779068232596941, 13.030727627425135, 1.5946207170246007, 187.78111691996995])
(1.0, 0, 9, 0, [20.8261030115642, 13.029148665516194, 1.5984239297755456, 188.38317932033758])
(1.0, 0, 10, 0, [20.871652638676608, 13.025641832512443, 1.602351185995323, 188.92024260616807])

 END Bacth-----------------
2016-12-29 22:19:28:864853---------------------------------

2016-12-29 22:19:28:869200
('Start PYGMO optimization ', 20120420, 20161223, "['SPY' 'XLF' 'XLE' 'ZIV' 'XLU' 'IEF' 'HYG' 'UGLD' 'SHY']", 'init_pop', 10, 'iteration', 10, 'concen', 189.0)
(1.0, 1, 1, 0, [16.457539984597048, 12.995782006974189, 1.2663755036645818, 160.58716665413675])
(1.0, 1, 2, 0, [18.763211892928624, 12.813796297967603, 1.4642976567299306, 177.86970774073271])
(1.0, 1, 3, 0, [19.418780108803581, 12.969261951990516, 1.4972926123851786, 179.75336771371107])
(1.0, 1, 4, 0, [19.991938901933892, 13.032528353647127, 1.5340031005065251, 184.59213621837787])
(1.0, 1, 5, 0, [20.11315484128118, 13.031347089072931, 1.5434440279889787, 187.95222446726072])
(1.0, 1, 6, 0, [20.219992814745645, 13.023711004560127, 1.5525523261124123, 187.20586159519738])
(1.0, 1, 7, 0, [20.398955160935795, 13.022007854635879, 1.5664984531301522, 187.92745091043611])
(1.0, 1, 8, 0, [20.479353925118549, 13.03108245032602, 1.5715773423416703, 188.66887150261991])
(1.0, 1, 9, 0, [20.490526263776012, 13.028542509727181, 1.5727412524062205, 188.87134263593256])
(1.0, 1, 10, 0, [20.558534936276509, 13.027954095083214, 1.5780324973692803, 188.63123852514772])

 END Bacth-----------------
2016-12-29 22:19:37:922123---------------------------------

2016-12-29 22:19:37:927359
('Start PYGMO optimization ', 20120420, 20161223, "['SPY' 'XLF' 'XLE' 'ZIV' 'XLU' 'IEF' 'HYG' 'UGLD' 'SHY']", 'init_pop', 10, 'iteration', 10, 'concen', 189.0)
(1.0, 2, 1, 0, [17.23713864078562, 12.761977370150806, 1.3506636268688144, 159.52216383061767])
(1.0, 2, 2, 0, [18.593529064013282, 13.02594786726446, 1.4274223460344659, 160.31789295592799])
(1.0, 2, 3, 0, [19.341988324087247, 12.92778759016328, 1.4961561047618475, 182.23676138374597])
(1.0, 2, 4, 0, [19.8652350755669, 12.97954294554367, 1.5305034359770988, 185.38500046666312])
(1.0, 2, 5, 0, [20.221024492241124, 13.021762435462763, 1.5528638763346103, 186.13458045977325])
(1.0, 2, 6, 0, [20.57518110413379, 13.032853607972939, 1.5787165054586956, 187.07861711554267])
(1.0, 2, 7, 0, [20.628131035708975, 13.019679329348815, 1.5843808832687047, 187.70852095298031])
(1.0, 2, 8, 0, [20.727167882193687, 13.022883084458062, 1.591595942908385, 188.21984974442648])
(1.0, 2, 9, 0, [20.852656714848973, 12.999826988044283, 1.6040718644968737, 188.98405680493963])
(1.0, 2, 10, 0, [20.896239788910663, 13.028017667519624, 1.6039462274454419, 188.97347312775094])

 END Bacth-----------------
2016-12-29 22:19:46:910479---------------------------------

2016-12-29 22:19:46:914326
('Start PYGMO optimization ', 20120420, 20161223, "['SPY' 'XLF' 'XLE' 'ZIV' 'XLU' 'IEF' 'HYG' 'UGLD' 'SHY']", 'init_pop', 10, 'iteration', 10, 'concen', 189.0)
(1.0, 3, 1, 0, [16.40937245918601, 12.563530835400648, 1.3061115282137736, 152.06971802224882])
(1.0, 3, 2, 0, [18.477190984751889, 13.010209993181441, 1.4202069754781557, 181.41418700751797])
(1.0, 3, 3, 0, [19.267616980356639, 13.036385574265502, 1.477987657744023, 180.83227550758178])
(1.0, 3, 4, 0, [19.86121760077846, 12.968408898599638, 1.5315076626650108, 188.4042183724861])
(1.0, 3, 5, 0, [20.216635749478584, 13.005918114509479, 1.5544181942007451, 188.72114804845884])
(1.0, 3, 6, 0, [20.330286107080987, 13.03328235231151, 1.5598746008502855, 188.34722560029701])
(1.0, 3, 7, 0, [20.362163581707037, 13.025854726252975, 1.5632113216085612, 188.93159998308019])
(1.0, 3, 8, 0, [20.370666744883081, 13.023208338783872, 1.564181898573952, 188.98669261882921])
(1.0, 3, 9, 0, [20.517858655146593, 13.028960905064476, 1.5747885656154754, 188.50291740535968])
(1.0, 3, 10, 0, [20.553826822095857, 13.028944642348186, 1.5775511667529405, 188.28238480770216])

 END Bacth-----------------
2016-12-29 22:19:56:084368---------------------------------

2016-12-29 22:19:56:089434
('Start PYGMO optimization ', 20120420, 20161223, "['SPY' 'XLF' 'XLE' 'ZIV' 'XLU' 'IEF' 'HYG' 'UGLD' 'SHY']", 'init_pop', 10, 'iteration', 10, 'concen', 189.0)
(1.0, 4, 1, 0, [18.423310967389249, 13.061403545635425, 1.4105154092375893, 145.62217146987467])
(1.0, 4, 2, 0, [19.110964838998768, 13.047779824670183, 1.4646909356076483, 170.23401755916831])
(1.0, 4, 3, 0, [20.030473581804408, 13.023671086983777, 1.5380051790330784, 185.58884841981163])
(1.0, 4, 4, 0, [20.275436938505266, 13.026630901348662, 1.5564605378053757, 188.3570836831571])
(1.0, 4, 5, 0, [20.338301647939549, 13.024737034115185, 1.5615134182493073, 185.77263817451873])
(1.0, 4, 6, 0, [20.44552313952579, 13.042824131487817, 1.5675687208084383, 188.95753864123938])
(1.0, 4, 7, 0, [20.533002954220848, 13.024868614274265, 1.5764460711502486, 187.21996618346256])
(1.0, 4, 8, 0, [20.593928066555044, 13.032957097985697, 1.5801423968270354, 188.07408504481731])
(1.0, 4, 9, 0, [20.649437039234787, 13.028719921177625, 1.5849167964436792, 188.68589219515334])
(1.0, 4, 10, 0, [20.687952364179086, 13.029249198671444, 1.5878084798845185, 188.99419865053542])

 END Bacth-----------------
2016-12-29 22:20:05:459603---------------------------------

 task_4

2016-12-29 22:20:05:481934
('Start PYGMO optimization ', 20120420, 20161223, "['SPY' 'XLF' 'XLE' 'ZIV' 'XLU' 'IEF' 'HYG' 'UGLD' 'SHY']", 'init_pop', 10, 'iteration', 10, 'concen', 189.0)
(1.0, 0, 1, 0, [17.092392703633273, 12.837193911423483, 1.3314742163724116, 153.86711043198304])
(1.0, 0, 2, 0, [19.7137094569791, 14.154376354662579, 1.3927642562990934, 177.01285151218224])
(1.0, 0, 3, 0, [21.731953914247537, 15.22312510856054, 1.4275619335235468, 187.25710238629998])
(1.0, 0, 4, 0, [22.161308982233429, 15.439791799271161, 1.4353372940741054, 187.54607044224244])
(1.0, 0, 5, 0, [22.51818030392252, 15.532508501701253, 1.4497452424671866, 188.82215493495423])
(1.0, 0, 6, 0, [22.755398431343288, 15.713740212043456, 1.448121079022479, 188.15988525229818])
(1.0, 0, 7, 0, [22.978769091623484, 15.807611567330182, 1.4536521848192447, 188.25581740381034])
(1.0, 0, 8, 0, [23.115873321264722, 15.895371098149159, 1.454251881162832, 187.86165574936513])
(1.0, 0, 9, 0, [23.358753589476233, 16.013197434531904, 1.4587188901514381, 188.79016404662582])
(1.0, 0, 10, 0, [23.416826720279495, 16.048007039537509, 1.459173507500801, 188.84438801040648])

 END Bacth-----------------
2016-12-29 22:20:13:729113---------------------------------

2016-12-29 22:20:13:742957
('Start PYGMO optimization ', 20120420, 20161223, "['SPY' 'XLF' 'XLE' 'ZIV' 'XLU' 'IEF' 'HYG' 'UGLD' 'SHY']", 'init_pop', 10, 'iteration', 10, 'concen', 189.0)
(1.0, 1, 1, 0, [17.437588289622386, 13.35904821447185, 1.3053016958747297, 144.33633507988176])
(1.0, 1, 2, 0, [19.673617577012937, 14.929189817467121, 1.3177953939600155, 168.14125992644563])
(1.0, 1, 3, 0, [21.342686021217162, 15.406695693191081, 1.385286400551772, 187.39375390746011])
(1.0, 1, 4, 0, [21.959214393351402, 15.492613101782956, 1.4173990048731184, 188.88244552606238])
(1.0, 1, 5, 0, [22.132985584742904, 15.600390557926879, 1.418745607846124, 186.82093215313742])
(1.0, 1, 6, 0, [22.247516881335283, 15.594111671009964, 1.4266613803140995, 187.95051823741071])
(1.0, 1, 7, 0, [22.410606652607299, 15.71251902989291, 1.4262898654233191, 188.97800951605493])
(1.0, 1, 8, 0, [22.52945327094109, 15.733678302215706, 1.4319253793163145, 188.71880860367531])
(1.0, 1, 9, 0, [22.634700345349469, 15.761208124038149, 1.4361018627010096, 188.7886331620123])
(1.0, 1, 10, 0, [22.669172293792062, 15.77874672434316, 1.436690295485793, 188.8883465849039])

 END Bacth-----------------
2016-12-29 22:20:22:254219---------------------------------

2016-12-29 22:20:22:269070
('Start PYGMO optimization ', 20120420, 20161223, "['SPY' 'XLF' 'XLE' 'ZIV' 'XLU' 'IEF' 'HYG' 'UGLD' 'SHY']", 'init_pop', 10, 'iteration', 10, 'concen', 189.0)
(1.0, 2, 1, 0, [16.676248833865913, 12.689827090113278, 1.3141431097086012, 127.25005462864996])
(1.0, 2, 2, 0, [19.64861123712225, 13.896847371628752, 1.4138898349877591, 172.54299216774945])
(1.0, 2, 3, 0, [21.515416750452765, 14.741204644578065, 1.4595426404562066, 177.22328318918287])
(1.0, 2, 4, 0, [21.948688550839201, 15.000942400169906, 1.463153978285431, 185.90714484528758])
(1.0, 2, 5, 0, [22.354903416972995, 15.122120334537264, 1.4782915968415384, 186.9374234566429])
(1.0, 2, 6, 0, [22.46751490839738, 15.16276529783368, 1.4817557659886311, 184.80773402313159])
(1.0, 2, 7, 0, [22.756733259145623, 15.352645816384966, 1.4822678469439263, 188.23942446630383])
(1.0, 2, 8, 0, [22.826588396523697, 15.391655637479801, 1.4830495779115076, 188.98781766034807])
(1.0, 2, 9, 0, [22.918323441537748, 15.455495669492844, 1.4828591674853602, 188.90052761764309])
(1.0, 2, 10, 0, [23.055691608940432, 15.555041234336226, 1.4822006101820713, 188.95719330036468])

 END Bacth-----------------
2016-12-29 22:20:30:854842---------------------------------

2016-12-29 22:20:30:859493
('Start PYGMO optimization ', 20120420, 20161223, "['SPY' 'XLF' 'XLE' 'ZIV' 'XLU' 'IEF' 'HYG' 'UGLD' 'SHY']", 'init_pop', 10, 'iteration', 10, 'concen', 189.0)
(1.0, 3, 1, 0, [16.197808929843085, 12.557574245952036, 1.2898835883900497, 162.57129748767269])
(1.0, 3, 2, 0, [18.50872222859692, 13.642847398029978, 1.3566612371013966, 163.36875461313883])
(1.0, 3, 3, 0, [20.675870528833773, 14.845544753869664, 1.3927323565168848, 171.97316486646164])
(1.0, 3, 4, 0, [21.783257949048984, 15.133878278415352, 1.4393705002978179, 186.5482685867577])
(1.0, 3, 5, 0, [21.992737114014972, 15.231744348194546, 1.4438751472756843, 186.0416967199383])
(1.0, 3, 6, 0, [22.284463709454538, 15.338373065196853, 1.4528570673521128, 186.27391111711668])
(1.0, 3, 7, 0, [22.493711404461457, 15.370837882199107, 1.4634017726848396, 188.55056339675855])
(1.0, 3, 8, 0, [22.807743238691501, 15.578125420896324, 1.4640877912112229, 188.45844769768462])
(1.0, 3, 9, 0, [23.017400134494913, 15.726018562842844, 1.4636508307881573, 188.76788435787063])
(1.0, 3, 10, 0, [23.327677977310657, 15.837734553186595, 1.4729176006183957, 188.57787537134661])

 END Bacth-----------------
2016-12-29 22:20:40:388004---------------------------------

2016-12-29 22:20:40:444364
('Start PYGMO optimization ', 20120420, 20161223, "['SPY' 'XLF' 'XLE' 'ZIV' 'XLU' 'IEF' 'HYG' 'UGLD' 'SHY']", 'init_pop', 10, 'iteration', 10, 'concen', 189.0)
(1.0, 4, 1, 0, [17.342241860553109, 12.729827458473085, 1.3623312583871636, 139.83256811694434])
(1.0, 4, 2, 0, [20.490634240188399, 15.002961933847445, 1.3657725941409267, 175.16566764603695])
(1.0, 4, 3, 0, [21.563344623195025, 15.142271318450046, 1.424049547766407, 185.94871952896881])
(1.0, 4, 4, 0, [22.108623417491447, 15.334143280532547, 1.4417905854290169, 188.8782640664283])
(1.0, 4, 5, 0, [22.238886390066149, 15.426885116251455, 1.4415668634647827, 188.34652481493487])
(1.0, 4, 6, 0, [22.815592685063791, 15.926846846315195, 1.4325241465069001, 188.62388574699133])
(1.0, 4, 7, 0, [22.972420068325516, 16.054562392631368, 1.4308966826071365, 188.46333194054731])
(1.0, 4, 8, 0, [23.062160457301538, 16.043446086832379, 1.4374817188577553, 188.89176881165687])
(1.0, 4, 9, 0, [23.133337527720577, 16.091390052885757, 1.437622073151595, 188.48306816345917])
(1.0, 4, 10, 0, [23.207843341513691, 16.114320482855472, 1.4401999368329081, 188.90915438337649])

 END Bacth-----------------
2016-12-29 22:20:49:021036---------------------------------

 task_5

2016-12-29 22:20:49:026474
('Start PYGMO optimization ', 20120420, 20161223, "['SPY' 'XLF' 'XLE' 'ZIV' 'XLU' 'IEF' 'HYG' 'UGLD' 'SHY']", 'init_pop', 10, 'iteration', 10, 'concen', 189.0)
(1.0, 0, 1, 0, [17.521407468807748, 13.03803254389711, 1.3438689779163984, 155.66984851564877])
(1.0, 0, 2, 0, [19.951304468360821, 14.586948345275669, 1.3677504023535207, 172.75194632407258])
(1.0, 0, 3, 0, [20.987877593691785, 14.883436882826709, 1.4101499377411073, 178.17819359647058])
(1.0, 0, 4, 0, [21.979408268462851, 15.175382208817661, 1.4483594525673105, 187.51981042344917])
(1.0, 0, 5, 0, [22.224363094644328, 15.329387175231931, 1.4497880991976495, 188.66762311355311])
(1.0, 0, 6, 0, [22.354772206291628, 15.314387037097003, 1.4597236018745157, 188.92907284977966])
(1.0, 0, 7, 0, [22.443646119727688, 15.420638754767118, 1.4554290828445409, 188.99705373695392])
(1.0, 0, 8, 0, [22.509617264495606, 15.551008080696164, 1.4474699741451058, 188.76036279352951])
(1.0, 0, 9, 0, [22.579327204540323, 15.644959271135587, 1.4432333643845534, 188.95195354276601])
(1.0, 0, 10, 0, [22.656383728385808, 15.67079924889256, 1.4457707847917785, 188.60990774183054])

 END Bacth-----------------
2016-12-29 22:20:58:757944---------------------------------

2016-12-29 22:20:58:761867
('Start PYGMO optimization ', 20120420, 20161223, "['SPY' 'XLF' 'XLE' 'ZIV' 'XLU' 'IEF' 'HYG' 'UGLD' 'SHY']", 'init_pop', 10, 'iteration', 10, 'concen', 189.0)
(1.0, 1, 1, 0, [16.408103135351215, 12.005618394264186, 1.3667020387046753, 149.17631076037537])
(1.0, 1, 2, 0, [20.668635146524352, 14.955433406273851, 1.3820151235372284, 175.7100765142122])
(1.0, 1, 3, 0, [21.685814395199188, 15.10514945087367, 1.4356570562726141, 184.31540369998635])
(1.0, 1, 4, 0, [22.090582535926107, 15.360003956292076, 1.4381885967468722, 186.11815314421017])
(1.0, 1, 5, 0, [22.396415348964037, 15.590637363438795, 1.4365298112497504, 186.32468771251826])
(1.0, 1, 6, 0, [22.743236077281281, 15.626039818374629, 1.4554702497645984, 185.91146550292558])
(1.0, 1, 7, 0, [22.877979926430058, 15.691925995782777, 1.4579459482907671, 188.50799379284894])
(1.0, 1, 8, 0, [23.154776015633651, 15.970844886024976, 1.4498153467068515, 187.48787181347524])
(1.0, 1, 9, 0, [23.214538641511151, 15.986494054382774, 1.4521344431455734, 187.68548824792958])
(1.0, 1, 10, 0, [23.26432894682253, 15.918622347158424, 1.4614536634808328, 187.60200936672555])

 END Bacth-----------------
2016-12-29 22:21:07:099188---------------------------------

2016-12-29 22:21:07:104398
('Start PYGMO optimization ', 20120420, 20161223, "['SPY' 'XLF' 'XLE' 'ZIV' 'XLU' 'IEF' 'HYG' 'UGLD' 'SHY']", 'init_pop', 10, 'iteration', 10, 'concen', 189.0)
(1.0, 2, 1, 0, [15.539092502092711, 12.916728943085687, 1.203020716046749, 163.30790107651487])
(1.0, 2, 2, 0, [19.211975075067755, 13.88649984878168, 1.3835001824994295, 185.09424760173295])
(1.0, 2, 3, 0, [21.33642006217471, 14.994990246007553, 1.4229032304876341, 182.64358655305168])
(1.0, 2, 4, 0, [22.03238979308162, 15.375783226380197, 1.4329279665754326, 187.23600299417518])
(1.0, 2, 5, 0, [22.435020274587902, 15.577230971500345, 1.4402444385420217, 188.91545647353328])
(1.0, 2, 6, 0, [22.614714686599058, 15.559952574655981, 1.453392263125137, 188.66928785936642])
(1.0, 2, 7, 0, [22.795460848444794, 15.575430245278351, 1.4635525625595591, 188.93792070738891])
(1.0, 2, 8, 0, [22.841301990352036, 15.606425504099439, 1.4635831878576018, 188.87537234490449])
(1.0, 2, 9, 0, [22.929357077169964, 15.584198806216479, 1.4713208784287024, 188.91373019598919])
(1.0, 2, 10, 0, [22.965695277449647, 15.592296160500435, 1.4728873182660587, 188.95440013044995])

 END Bacth-----------------
2016-12-29 22:21:16:073500---------------------------------

2016-12-29 22:21:16:078152
('Start PYGMO optimization ', 20120420, 20161223, "['SPY' 'XLF' 'XLE' 'ZIV' 'XLU' 'IEF' 'HYG' 'UGLD' 'SHY']", 'init_pop', 10, 'iteration', 10, 'concen', 189.0)
(1.0, 3, 1, 0, [17.430434241777636, 12.678091322666496, 1.3748468754610306, 120.94385911252337])
(1.0, 3, 2, 0, [19.900849194278369, 14.007909896463369, 1.4206865507682065, 158.07748043839388])
(1.0, 3, 3, 0, [21.011985890231834, 15.127504772058201, 1.3889921838955737, 187.54027148210076])
(1.0, 3, 4, 0, [21.531387141926484, 15.145182344666058, 1.4216657582541135, 186.17721028274494])
(1.0, 3, 5, 0, [22.040664434159108, 15.30441799201088, 1.4401504484302927, 188.10676065258923])
(1.0, 3, 6, 0, [22.31161958848995, 15.477834727961081, 1.4415207282310278, 188.59937738339883])
(1.0, 3, 7, 0, [22.503454190791871, 15.553729868031704, 1.4468204335375694, 188.26635069126783])
(1.0, 3, 8, 0, [22.605076704504825, 15.608341547764221, 1.4482689679316272, 188.28157622224998])
(1.0, 3, 9, 0, [22.736111899872679, 15.714248791534727, 1.44684688409163, 188.70212992046493])
(1.0, 3, 10, 0, [22.852732111427443, 15.814162485137778, 1.4450801383193415, 187.54952979945023])

 END Bacth-----------------
2016-12-29 22:21:25:044248---------------------------------

2016-12-29 22:21:25:063999
('Start PYGMO optimization ', 20120420, 20161223, "['SPY' 'XLF' 'XLE' 'ZIV' 'XLU' 'IEF' 'HYG' 'UGLD' 'SHY']", 'init_pop', 10, 'iteration', 10, 'concen', 189.0)
(1.0, 4, 1, 0, [15.626471311296486, 12.275450122171838, 1.2729856058860161, 181.45091501064309])
(1.0, 4, 2, 0, [18.685753360868553, 12.832146555658392, 1.4561673902196033, 183.55963603286389])
(1.0, 4, 3, 0, [21.097119687291887, 15.014990430187458, 1.4050704717650957, 176.78137327073813])
(1.0, 4, 4, 0, [21.491429233909763, 15.167480007129194, 1.4169413260349191, 184.6559543267237])
(1.0, 4, 5, 0, [22.007708176892372, 15.462790236963544, 1.4232688822411435, 187.38012093231563])
(1.0, 4, 6, 0, [22.443461944063259, 15.697263123583593, 1.4297691111735373, 188.81223583756096])
(1.0, 4, 7, 0, [22.850410011048815, 15.896108834097248, 1.4374844969628386, 188.47655713023411])
(1.0, 4, 8, 0, [22.940716557503382, 15.93985406249015, 1.4392049304571579, 188.056366510967])
(1.0, 4, 9, 0, [23.029720368913619, 15.977478595842779, 1.4413864009122055, 188.93394739306194])
(1.0, 4, 10, 0, [23.125343826335886, 15.997084039545447, 1.4455974457075482, 188.89074977683848])

 END Bacth-----------------
2016-12-29 22:21:33:768286---------------------------------

 task_6

2016-12-29 22:21:33:790379
('Start PYGMO optimization ', 20120420, 20161223, "['SPY' 'XLF' 'XLE' 'ZIV' 'XLU' 'IEF' 'HYG' 'UGLD' 'SHY']", 'init_pop', 10, 'iteration', 10, 'concen', 216.0)
(1.0, 0, 1, 0, [15.596498753888088, 12.480898495499467, 1.2496294845689264, 136.58812374935968])
(1.0, 0, 2, 0, [18.415030597199646, 12.850474636917872, 1.4330233798754384, 192.70316093443043])
(1.0, 0, 3, 0, [19.686175470767896, 12.935606999841543, 1.5218594280893851, 192.25999895185799])
(1.0, 0, 4, 0, [20.545794528232818, 13.04288179020921, 1.5752496157448699, 211.30117729836792])
(1.0, 0, 5, 0, [20.786888258450254, 13.024367426926764, 1.5959998345466777, 213.8005695699436])
(1.0, 0, 6, 0, [20.985692191595206, 13.03220457775007, 1.6102948711704661, 215.11638357263737])
(1.0, 0, 7, 0, [21.114378389578214, 13.023118154629898, 1.6212997639180415, 210.82219038429164])
(1.0, 0, 8, 0, [21.218719467047762, 13.026185894293802, 1.6289280407354505, 215.77094738696437])
(1.0, 0, 9, 0, [21.279425684304655, 13.025016457149635, 1.6337350324516515, 214.81853770923155])
(1.0, 0, 10, 0, [21.377308992423536, 13.022835774737942, 1.6415248846101427, 215.07789648460931])

 END Bacth-----------------
2016-12-29 22:21:42:917879---------------------------------

2016-12-29 22:21:42:921762
('Start PYGMO optimization ', 20120420, 20161223, "['SPY' 'XLF' 'XLE' 'ZIV' 'XLU' 'IEF' 'HYG' 'UGLD' 'SHY']", 'init_pop', 10, 'iteration', 10, 'concen', 216.0)
(1.0, 1, 1, 0, [18.284645510185292, 12.782240714648868, 1.4304726313932179, 180.32870119391166])
(1.0, 1, 2, 0, [19.486892466736961, 12.978927919182134, 1.5014254326766401, 191.53862216148525])
(1.0, 1, 3, 0, [20.416218484926539, 13.013428532578219, 1.5688577713256693, 209.35999100953322])
(1.0, 1, 4, 0, [20.740157035765328, 12.999238573400312, 1.5954901449539411, 212.81871064992305])
(1.0, 1, 5, 0, [20.96444089970997, 12.980038219176155, 1.6151293660089536, 213.50522933275039])
(1.0, 1, 6, 0, [21.096327184804366, 13.026534803479672, 1.6194887975249621, 215.29367318733077])
(1.0, 1, 7, 0, [21.191362160878068, 13.020471767160794, 1.62754180799541, 215.76651209078182])
(1.0, 1, 8, 0, [21.245433512318577, 13.025598958078588, 1.6310523286257004, 215.5100725357868])
(1.0, 1, 9, 0, [21.27032586446802, 13.026410615464362, 1.6328616141745798, 215.56972929985454])
(1.0, 1, 10, 0, [21.284515468511845, 13.024361513211749, 1.6342079761008705, 215.94546270466702])

 END Bacth-----------------
2016-12-29 22:21:53:169037---------------------------------

2016-12-29 22:21:53:173282
('Start PYGMO optimization ', 20120420, 20161223, "['SPY' 'XLF' 'XLE' 'ZIV' 'XLU' 'IEF' 'HYG' 'UGLD' 'SHY']", 'init_pop', 10, 'iteration', 10, 'concen', 216.0)
(1.0, 2, 1, 0, [14.652019061266742, 10.843473599923813, 1.3512292833331274, 133.66400648612552])
(1.0, 2, 2, 0, [17.8139007687647, 12.395571719194686, 1.4371181234972541, 165.92823345167841])
(1.0, 2, 3, 0, [19.620491441881803, 13.003855706398085, 1.508821066987712, 177.79193757975384])
(1.0, 2, 4, 0, [19.724778122829779, 13.023994862880835, 1.5144952321078209, 182.47529319766485])
(1.0, 2, 5, 0, [20.242055325524145, 13.028001404803332, 1.5537345058975078, 193.77496774301679])
(1.0, 2, 6, 0, [20.424117713457047, 13.006935273492019, 1.5702482778615159, 190.78903927217971])
(1.0, 2, 7, 0, [20.783555610810712, 13.030341757520421, 1.5950123179858691, 210.58947523677136])
(1.0, 2, 8, 0, [20.858598409725658, 13.025754193097724, 1.6013351780258924, 214.65127519907335])
(1.0, 2, 9, 0, [21.044285708064379, 13.029682378296275, 1.6151035072902578, 213.74874435184304])
(1.0, 2, 10, 0, [21.089309930011744, 13.026330780311662, 1.6189754648244217, 212.63122433304068])

 END Bacth-----------------
2016-12-29 22:22:03:350972---------------------------------

2016-12-29 22:22:03:362188
('Start PYGMO optimization ', 20120420, 20161223, "['SPY' 'XLF' 'XLE' 'ZIV' 'XLU' 'IEF' 'HYG' 'UGLD' 'SHY']", 'init_pop', 10, 'iteration', 10, 'concen', 216.0)
(1.0, 3, 1, 0, [16.597431171227338, 13.038359276651676, 1.2729693068781314, 173.02891090986341])
(1.0, 3, 2, 0, [18.757675610951541, 13.017220702331434, 1.4409892894872689, 179.15484014051714])
(1.0, 3, 3, 0, [19.684707778006082, 13.03948288250448, 1.5096233459087345, 199.1947056057891])
(1.0, 3, 4, 0, [20.266725221306949, 12.996246233602848, 1.5594291503115481, 210.76426144480376])
(1.0, 3, 5, 0, [20.711834583217794, 13.030105208919831, 1.5895370183994668, 213.88695657673401])
(1.0, 3, 6, 0, [20.954825306264823, 13.024482744369553, 1.6088796551497244, 206.79545416684016])
(1.0, 3, 7, 0, [21.071133846126688, 13.024107223466116, 1.6178562940699601, 211.68522446676198])
(1.0, 3, 8, 0, [21.166377384430302, 13.024425085648158, 1.6251294967141316, 215.85171275214856])
(1.0, 3, 9, 0, [21.25988245509296, 13.023286695507819, 1.6324513889743537, 215.63396422463416])
(1.0, 3, 10, 0, [21.329228151836087, 13.028654870312462, 1.6371013250521815, 215.61547654410722])

 END Bacth-----------------
2016-12-29 22:22:12:573164---------------------------------

2016-12-29 22:22:12:592948
('Start PYGMO optimization ', 20120420, 20161223, "['SPY' 'XLF' 'XLE' 'ZIV' 'XLU' 'IEF' 'HYG' 'UGLD' 'SHY']", 'init_pop', 10, 'iteration', 10, 'concen', 216.0)
(1.0, 4, 1, 0, [16.748823900097285, 11.922369549572718, 1.4048234145449336, 186.03239318998678])
(1.0, 4, 2, 0, [18.757000455857884, 13.008042616628531, 1.4419541055224026, 201.8406052940133])
(1.0, 4, 3, 0, [20.493174154185056, 13.188425708866117, 1.553875694231512, 213.02794264010748])
(1.0, 4, 4, 0, [20.482815314391843, 13.025857683110484, 1.5724734457179093, 206.01426290485017])
(1.0, 4, 5, 0, [20.834250224952822, 13.033409497184326, 1.5985264814593412, 215.3299495882834])
(1.0, 4, 6, 0, [20.92837427199532, 13.015402234964396, 1.6079698417443931, 214.94906096057963])
(1.0, 4, 7, 0, [21.182766653763331, 13.019679329348815, 1.6269806742485105, 213.63545148162592])
(1.0, 4, 8, 0, [21.261585164739571, 13.021184369820071, 1.63284571978097, 214.24324937236346])
(1.0, 4, 9, 0, [21.373987983119424, 13.015672787426318, 1.6421731194539237, 215.52579902223323])
(1.0, 4, 10, 0, [21.465397727264836, 13.021787568751577, 1.6484217404049359, 213.58179043000712])

 END Bacth-----------------
2016-12-29 22:22:22:210403---------------------------------

 task_7

2016-12-29 22:22:22:229309
('Start PYGMO optimization ', 20120420, 20161223, "['SPY' 'XLF' 'XLE' 'ZIV' 'XLU' 'IEF' 'HYG' 'UGLD' 'SHY']", 'init_pop', 10, 'iteration', 10, 'concen', 216.0)
(1.0, 0, 1, 0, [16.455121691704178, 13.278895199590604, 1.239193580819246, 145.01090685447861])
(1.0, 0, 2, 0, [19.352332317977528, 14.254740969035506, 1.3576067330872679, 194.04428859992692])
(1.0, 0, 3, 0, [21.672679031554097, 15.084784094791607, 1.4367245096359798, 200.57327901221919])
(1.0, 0, 4, 0, [22.851908622122032, 15.586401665059476, 1.4661439576108106, 215.83551240035965])
(1.0, 0, 5, 0, [23.111175071350189, 15.748412323174971, 1.4675241285967831, 215.29614128913499])
(1.0, 0, 6, 0, [23.396494882911956, 15.907232532040002, 1.4708086297089857, 214.97090040513029])
(1.0, 0, 7, 0, [23.728071914892656, 15.997752289342115, 1.4832128592652711, 214.99332513007445])
(1.0, 0, 8, 0, [23.774233847705673, 15.981026824851632, 1.4876537101317575, 215.9786765553668])
(1.0, 0, 9, 0, [23.799947727517122, 15.982182956137017, 1.4891550042216326, 214.74326259445991])
(1.0, 0, 10, 0, [23.815359660963953, 15.98068530780953, 1.4902589721434367, 213.270082287409])

 END Bacth-----------------
2016-12-29 22:22:33:977870---------------------------------

2016-12-29 22:22:33:982662
('Start PYGMO optimization ', 20120420, 20161223, "['SPY' 'XLF' 'XLE' 'ZIV' 'XLU' 'IEF' 'HYG' 'UGLD' 'SHY']", 'init_pop', 10, 'iteration', 10, 'concen', 216.0)
(1.0, 1, 1, 0, [17.541142461231175, 13.316274313770121, 1.3172710360203523, 167.7829887320147])
(1.0, 1, 2, 0, [21.412453180816883, 14.75960960413274, 1.45074658172675, 197.52508040032865])
(1.0, 1, 3, 0, [21.982209612928315, 14.846764457591455, 1.4806060725027776, 206.84765367028069])
(1.0, 1, 4, 0, [22.354147733554708, 15.069062483424878, 1.4834464823636517, 214.61649834937182])
(1.0, 1, 5, 0, [22.662143041219942, 15.185471006632836, 1.4923569398223724, 213.09460317422446])
(1.0, 1, 6, 0, [22.976245844931896, 15.30408238868379, 1.5013148296902199, 215.92121068528786])
(1.0, 1, 7, 0, [23.014570103384635, 15.321490887258479, 1.502110354190388, 215.91572014196575])
(1.0, 1, 8, 0, [23.060200187997481, 15.360611590509841, 1.5012553407863418, 215.96631017833903])
(1.0, 1, 9, 0, [23.079968909511383, 15.370858580201659, 1.5015406451816162, 215.94960442940686])
(1.0, 1, 10, 0, [23.103741559697632, 15.395320662360195, 1.5006989504404185, 215.9982321121087])

 END Bacth-----------------
2016-12-29 22:22:45:098909---------------------------------

2016-12-29 22:22:45:105123
('Start PYGMO optimization ', 20120420, 20161223, "['SPY' 'XLF' 'XLE' 'ZIV' 'XLU' 'IEF' 'HYG' 'UGLD' 'SHY']", 'init_pop', 10, 'iteration', 10, 'concen', 216.0)
(1.0, 2, 1, 0, [16.035241626977424, 12.531197598557473, 1.2796256304204572, 144.08678820482751])
(1.0, 2, 2, 0, [18.901492578801381, 14.078358505005401, 1.3425920764896824, 177.00288062685607])
(1.0, 2, 3, 0, [20.435563835889493, 14.712422593601248, 1.3890006017620349, 210.35829015313627])
(1.0, 2, 4, 0, [21.701031212775511, 15.730612040980555, 1.3795414416324767, 214.4226346914318])
(1.0, 2, 5, 0, [22.345605617394959, 15.761280567047079, 1.4177531782610397, 213.42270936942364])
(1.0, 2, 6, 0, [23.053949873905076, 16.066694378984138, 1.4348906707319049, 215.54432939214209])
(1.0, 2, 7, 0, [23.37188006976141, 16.490676698538294, 1.4172784111299115, 213.50578214591076])
(1.0, 2, 8, 0, [23.698127339001694, 16.462261297892393, 1.4395426551779786, 215.24168640580859])
(1.0, 2, 9, 0, [23.819153395882118, 16.573530802752533, 1.4371803859637584, 214.73259564412689])
(1.0, 2, 10, 0, [23.917536547661001, 16.580368535738344, 1.4425214069342112, 215.88299735481598])

 END Bacth-----------------
2016-12-29 22:22:55:400061---------------------------------

2016-12-29 22:22:55:412816
('Start PYGMO optimization ', 20120420, 20161223, "['SPY' 'XLF' 'XLE' 'ZIV' 'XLU' 'IEF' 'HYG' 'UGLD' 'SHY']", 'init_pop', 10, 'iteration', 10, 'concen', 216.0)
(1.0, 3, 1, 0, [17.124445083260277, 12.540968534190602, 1.3654802686549832, 173.34560385511324])
(1.0, 3, 2, 0, [19.932044415279272, 14.434483901622745, 1.3808629772373422, 173.31075455038186])
(1.0, 3, 3, 0, [22.425056207267801, 15.340772555064088, 1.4617944517967021, 215.91092843363012])
(1.0, 3, 4, 0, [22.740250641039104, 15.317694282219005, 1.4845739980224248, 213.84164204939503])
(1.0, 3, 5, 0, [23.214626261264826, 15.73210525402178, 1.4756210873513067, 215.14215271768512])
(1.0, 3, 6, 0, [23.5651739863183, 16.138494271407041, 1.4601841776570994, 215.37202402458172])
(1.0, 3, 7, 0, [23.732700983932233, 16.319214445400469, 1.4542796200966179, 215.96009663327652])
(1.0, 3, 8, 0, [23.797236415215451, 16.362559019601118, 1.4543713111566561, 215.26128060009165])
(1.0, 3, 9, 0, [23.8604521086069, 16.370996412498425, 1.457483192067079, 215.26902436861963])
(1.0, 3, 10, 0, [23.892378758239751, 16.364058146357362, 1.4600521792669257, 215.97348907699799])

 END Bacth-----------------
2016-12-29 22:23:04:666650---------------------------------

2016-12-29 22:23:04:671027
('Start PYGMO optimization ', 20120420, 20161223, "['SPY' 'XLF' 'XLE' 'ZIV' 'XLU' 'IEF' 'HYG' 'UGLD' 'SHY']", 'init_pop', 10, 'iteration', 10, 'concen', 216.0)
(1.0, 4, 1, 0, [15.908478148788973, 14.202241963992012, 1.1201385097594385, 141.26326843408589])
(1.0, 4, 2, 0, [18.64427427812576, 13.657469058403962, 1.3651339203769404, 153.71813387238925])
(1.0, 4, 3, 0, [22.0732792591511, 15.757909749488668, 1.4007745703625039, 215.94190102834051])
(1.0, 4, 4, 0, [22.569394113377193, 16.006748528308311, 1.4099924212255031, 212.66811532116384])
(1.0, 4, 5, 0, [22.897352130690194, 15.982113469985595, 1.4326861196231284, 210.5449840690099])
(1.0, 4, 6, 0, [23.278603311168624, 16.072316843534416, 1.4483663766579586, 215.83508574367497])
(1.0, 4, 7, 0, [23.445757465399495, 16.055940288229806, 1.4602544008330036, 215.75008188040746])
(1.0, 4, 8, 0, [23.577861663986567, 16.048165231414156, 1.4691936008879751, 215.24022135706531])
(1.0, 4, 9, 0, [23.636051159867534, 16.058335342810782, 1.4718867588257987, 215.74356779339294])
(1.0, 4, 10, 0, [23.659671780590628, 16.054291840169441, 1.4737287708568851, 214.5523107088556])

 END Bacth-----------------
2016-12-29 22:23:16:623184---------------------------------

 task_8

2016-12-29 22:23:16:630064
('Start PYGMO optimization ', 20120420, 20161223, "['SPY' 'XLF' 'XLE' 'ZIV' 'XLU' 'IEF' 'HYG' 'UGLD' 'SHY']", 'init_pop', 10, 'iteration', 10, 'concen', 216.0)
(1.0, 0, 1, 0, [18.424141079082034, 13.932348881291082, 1.3224002094738463, 181.43272215463631])
(1.0, 0, 2, 0, [21.437974369060097, 15.333339015290543, 1.3981282451057764, 197.56842848370155])
(1.0, 0, 3, 0, [22.628569983299961, 15.716577316821786, 1.439789944537105, 214.53610632806783])
(1.0, 0, 4, 0, [23.282869311281608, 15.899883262705416, 1.4643421543788084, 215.68951443105396])
(1.0, 0, 5, 0, [23.730700184827768, 16.237685013349541, 1.4614583399861478, 215.092983900571])
(1.0, 0, 6, 0, [24.012093059171423, 16.308738299251829, 1.4723452310393006, 214.55844162344576])
(1.0, 0, 7, 0, [24.09651122290115, 16.327399026980892, 1.4758328122612712, 215.96347138342028])
(1.0, 0, 8, 0, [24.102164815487637, 16.327543912998753, 1.4761659771926456, 215.95975926289904])
(1.0, 0, 9, 0, [24.118220839114723, 16.330280484621831, 1.476901812055633, 215.95657235474536])
(1.0, 0, 10, 0, [24.13417015015682, 16.328528546548711, 1.4780370491655817, 215.98017016485952])

 END Bacth-----------------
2016-12-29 22:23:25:317398---------------------------------

2016-12-29 22:23:25:322507
('Start PYGMO optimization ', 20120420, 20161223, "['SPY' 'XLF' 'XLE' 'ZIV' 'XLU' 'IEF' 'HYG' 'UGLD' 'SHY']", 'init_pop', 10, 'iteration', 10, 'concen', 216.0)
(1.0, 1, 1, 0, [17.078801600957206, 13.644518022521645, 1.2516969505824194, 169.66612378459928])
(1.0, 1, 2, 0, [20.000966841575529, 15.478461581752647, 1.2921805397736945, 187.2926447731779])
(1.0, 1, 3, 0, [22.218051837720054, 15.863709067960155, 1.4005584534195556, 199.15232349135388])
(1.0, 1, 4, 0, [23.007498744235178, 16.239193010678303, 1.4167883052505308, 212.27207765892641])
(1.0, 1, 5, 0, [23.461645126400455, 16.50561030737931, 1.4214345722139852, 214.40558149868559])
(1.0, 1, 6, 0, [23.622428568984756, 16.5773052313607, 1.4249860420194347, 214.46070466994846])
(1.0, 1, 7, 0, [23.714985814048717, 16.63054049392353, 1.4259900826863507, 215.99312054950528])
(1.0, 1, 8, 0, [23.763351047260684, 16.638506268048406, 1.4282142077197402, 215.86378327265749])
(1.0, 1, 9, 0, [23.802004921036257, 16.630601109502432, 1.4312173543406204, 215.87294645079984])
(1.0, 1, 10, 0, [23.828599823695583, 16.619885457895695, 1.433740315723729, 215.26094530816042])

 END Bacth-----------------
2016-12-29 22:23:34:229749---------------------------------

2016-12-29 22:23:34:235050
